-,-,-
-8, -7, 1025
-9, -7, 1021
-9, -7, 1021
-8, -7, 1022
-9, -8, 1023
-9, -7, 1023
-8, -7, 1023
-8, -7, 1023
-8, -8, 1023
-9, -7, 1023
-8, -11, 1023
-8, -11, 1023
-6, -227, 1024
-35, -247, 1022
5, -172, 1032
4, -38, 1021
-59, -81, 1013
-17, -150, 1027
-17, -150, 1027
-44, -186, 1022
-19, -112, 1035
-29, -102, 1011
-22, -79, 1023
-16, -67, 1041
3, -34, 1014
14, -42, 1025
0, -50, 1048
0, -50, 1048
-10, -52, 1011
-6, 11, 1030
-18, 33, 1014
-2, 27, 1032
-2, 27, 1032
19, 41, 1005
48, -39, 1040
-14, -89, 1027
-53, 5, 1024
-53, 5, 1024
-41, 102, 1009
-,-,-
-30, -77, 1005
-83, -243, 1034
68, -131, 1023
26, -141, 1027
38, -76, 1026
38, -76, 1026
-32, -97, 1026
-21, -209, 1020
-24, -232, 1043
-16, -217, 1014
-3, -208, 1019
-37, -198, 1015
-42, -138, 1017
-19, -108, 1024
2, -100, 1021
2, -100, 1021
16, -82, 1014
-4, -45, 1044
16, 1, 1008
-13, 1, 1024
-13, 1, 1024
-6, 61, 1013
5, 59, 1035
-12, -17, 1019
-16, -44, 1020
-16, -44, 1020
-18, 62, 1014
-25, 201, 1039
23, 311, 1011
-,-,-
0, -10, 1008
0, -10, 1008
-10, -40, 1033
-26, -175, 1009
29, -147, 1008
-24, -81, 1020
-12, -82, 1063
33, -149, 1019
33, -149, 1019
20, -201, 1038
2, -273, 1027
10, -300, 1012
-6, -251, 1030
-6, -225, 1008
16, -218, 1032
22, -166, 999
22, -166, 999
-13, -181, 1036
-21, -116, 1005
-10, -33, 996
-57, 52, 1034
-14, 133, 1017
-2, 185, 1037
-2, 185, 1037
-2, 166, 1016
8, 200, 1015
-7, 258, 1040
-,-,-
-5, -6, 986
-5, -6, 986
1, -67, 1025
-17, -231, 999
-8, -202, 1056
6, -217, 1025
6, -217, 1025
30, -198, 1032
9, -215, 1015
18, -306, 1039
-27, -376, 998
-10, -383, 1030
-28, -322, 1056
8, -206, 995
8, -206, 995
-12, -118, 987
10, -84, 979
-23, -36, 1026
-28, 3, 1005
-28, 3, 1005
18, 104, 1019
9, 158, 1016
0, 163, 1009
0, 163, 1009
0, 174, 1018
-9, 187, 1010
-35, 249, 1045
-5, 323, 1014
55, 359, 1032
-,-,-
-6, -5, 1025
-8, -6, 1026
1, -48, 1022
-30, -91, 1025
-30, -91, 1028
-12, -72, 1028
-28, -130, 1023
-28, -209, 1022
17, -231, 1020
38, -302, 1022
19, -367, 1022
14, -415, 1012
-42, -420, 1037
-58, -362, 1035
-11, -256, 1019
-11, -256, 1019
29, -192, 1019
-14, -130, 939
8, -14, 1019
-63, -2, 966
-55, 88, 1000
14, 206, 1050
14, 206, 1050
44, 291, 957
43, 383, 1047
64, 410, 1014
23, 408, 1053
23, 408, 1053
-,-,-
-3, 0, 1012
-7, -7, 1021
-7, -7, 1021
9, -82, 1022
-37, -236, 1029
6, -164, 1017
-34, -134, 1033
-6, -99, 1015
-6, -99, 1015
18, -180, 1022
40, -306, 1020
-5, -340, 1047
1, -301, 1013
-43, -268, 1029
-18, -214, 1011
19, -162, 1012
19, -162, 1012
23, -174, 1056
-5, -171, 996
-10, -85, 1017
-16, -29, 985
-27, 26, 1002
-21, 68, 1029
-21, 68, 1029
-37, 129, 1005
5, 236, 1004
16, 306, 1008
3, 333, 1027
3, 333, 1027
-,-,-
-6, -9, 1021
-9, -10, 1021
1, -123, 1019
-14, -134, 1025
19, -159, 1014
-16, -240, 1018
-28, -205, 1037
-28, -205, 1037
6, -210, 1002
-5, -285, 1018
19, -325, 1049
0, -362, 983
-28, -350, 1035
-6, -221, 992
46, -153, 946
46, -153, 946
23, -176, 1039
18, -134, 1003
-35, -68, 978
-37, 45, 1003
-1, 144, 1008
-1, 144, 1008
31, 190, 996
9, 141, 948
-31, 155, 1022
19, 289, 967
-,-,-
-10, -10, 1026
-8, -11, 1023
-8, -11, 1023
-19, -71, 1024
-3, -217, 1022
35, -284, 1026
0, -293, 1026
-2, -374, 1037
-42, -472, 963
-42, -472, 963
-41, -465, 1062
-7, -407, 1001
7, -292, 1005
-10, -267, 960
-24, -158, 962
-28, -24, 985
-23, 47, 934
-23, 47, 934
-14, 117, 982
34, 130, 982
26, 174, 999
26, 174, 999
29, 284, 974
12, 382, 1005
-3, 417, 1028
32, 348, 1013
32, 348, 1013
58, 259, 1043
-,-,-
-6, -40, 1026
-10, -83, 1024
28, -187, 1023
28, -187, 1023
4, -179, 1034
-8, -197, 1026
-30, -247, 1009
-34, -330, 1034
-12, -451, 1016
-19, -523, 1028
-49, -435, 1015
-43, -283, 991
-9, -167, 1007
0, -117, 1009
0, -117, 1009
-18, -31, 972
-22, 34, 1013
-15, 113, 1004
17, 191, 1009
79, 301, 1018
79, 301, 1018
26, 316, 1009
14, 373, 1027
38, 429, 1027
28, 422, 1014
28, 422, 1014
-,-,-
6, -115, 1023
114, -167, 1028
16, -143, 1022
-59, -116, 1030
-59, -116, 1030
-45, -188, 1029
-13, -308, 1022
34, -388, 1013
28, -436, 1040
-15, -474, 1021
-49, -439, 985
-18, -356, 1027
-21, -257, 977
1, -166, 1022
1, -166, 1022
15, -34, 1000
-28, 36, 1023
25, 224, 993
29, 404, 1009
46, 525, 949
46, 525, 949
20, 539, 1031
-,-,-
21, -105, 1002
21, -105, 1002
79, -143, 1033
22, -143, 1023
-54, -165, 1009
22, -254, 976
-52, -264, 1094
67, -371, 1016
26, -518, 1022
13, -580, 1003
13, -580, 1003
-26, -490, 1048
13, -375, 1028
-1, -222, 985
33, -51, 953
35, 90, 995
35, 90, 995
10, 142, 916
-17, 155, 1030
-48, 153, 976
7, 263, 1004
7, 263, 1004
23, 421, 1032
47, 512, 1026
50, 533, 1035
51, 454, 1026
-,-,-
-10, -10, 1023
-7, -13, 1022
-5, -45, 1023
-5, -45, 1023
-17, -173, 1023
5, -233, 1019
-4, -284, 1018
5, -309, 1027
6, -363, 1023
22, -447, 1015
22, -447, 1015
-15, -463, 994
-45, -432, 1049
-33, -309, 975
-36, -213, 973
40, -115, 992
-11, -87, 966
-18, 53, 1007
-18, 53, 1007
0, 163, 984
7, 267, 1001
55, 368, 984
55, 368, 984
78, 398, 1015
19, 372, 1011
22, 397, 1056
75, 427, 993
-,-,-
20, -39, 1014
-22, -42, 1029
-8, -61, 1027
-6, -65, 1023
-8, -112, 1022
18, -196, 1016
18, -196, 1016
8, -256, 1034
20, -350, 1019
-19, -426, 1029
-71, -460, 1023
-51, -461, 1018
0, -406, 1013
47, -270, 952
28, -167, 1036
28, -167, 1036
31, -97, 1014
-65, 1, 928
-46, 153, 960
3, 251, 967
3, 251, 967
50, 308, 1010
74, 344, 1028
1, 334, 1011
-6, 301, 1020
-6, 301, 1020
-8, 296, 1022
-,-,-
-9, -11, 1027
-8, -11, 1027
-9, -11, 1025
-11, -10, 1024
-1, -42, 1024
-9, -186, 1027
10, -186, 1025
10, -259, 1025
21, -286, 1017
16, -233, 1032
-1, -290, 1019
0, -406, 1024
-14, -454, 1017
-39, -413, 1012
0, -288, 1017
0, -288, 1017
-41, -183, 1008
5, -91, 998
29, -43, 975
-48, 65, 982
-48, 65, 982
-9, 193, 991
2, 282, 1001
7, 328, 952
7, 328, 952
4, 266, 1027
7, 256, 1022
29, 278, 1034
-,-,-
-13, -10, 1022
-13, -10, 1022
-10, -11, 1024
-9, -12, 1023
-41, -113, 1024
-20, -202, 1029
24, -293, 1016
-6, -294, 1027
16, -291, 1011
-16, -317, 1031
-19, -323, 1030
-19, -323, 1030
-27, -308, 1005
4, -231, 984
20, -176, 1011
-14, -106, 1008
-36, -33, 974
-20, 44, 1010
11, 165, 1010
11, 165, 1010
24, 214, 1020
18, 261, 988
12, 264, 1000
-,-,-
12, -77, 1019
10, -186, 1029
4, -191, 1037
0, -205, 1015
0, -205, 1015
-27, -238, 1015
1, -315, 1028
-8, -379, 1004
-42, -417, 1042
-58, -411, 1026
-23, -310, 1011
18, -175, 973
7, -90, 1013
7, -90, 1013
20, -57, 952
0, -30, 964
-28, 79, 1038
-28, 79, 1038
27, 228, 993
79, 338, 1005
79, 369, 972
59, 363, 1047
-,-,-
-35, -42, 1023
-35, -42, 1023
13, -30, 1027
10, -57, 1025
37, -89, 1022
13, -215, 1026
-18, -305, 1026
-2, -374, 1019
-2, -374, 1019
-28, -385, 1026
-40, -378, 1031
-25, -369, 1019
-12, -340, 993
26, -247, 1013
2, -115, 1009
51, -19, 968
21, 4, 1017
21, 4, 1017
-30, 97, 1001
17, 158, 1017
32, 246, 1003
32, 246, 1003
40, 287, 1024
22, 325, 1038
22, 302, 1015
-,-,-
-1, -30, 1011
-18, -151, 1037
28, -212, 1029
3, -178, 1025
-18, -192, 1011
-14, -252, 1027
-14, -252, 1027
2, -284, 1038
-1, -360, 1004
-8, -418, 1024
-44, -378, 1029
-20, -292, 997
32, -188, 1010
28, -101, 981
28, -101, 981
17, -41, 1016
-7, 25, 989
-8, 106, 1029
7, 217, 997
7, 217, 997
43, 349, 1008
-,-,-
15, -70, 1030
8, -129, 1019
-14, -144, 1027
-14, -144, 1027
-21, -173, 1015
-13, -224, 1031
-29, -259, 1019
2, -309, 1028
7, -369, 1041
-34, -447, 1003
-35, -419, 1016
-26, -335, 970
-27, -259, 965
31, -146, 1012
31, -146, 1012
11, -60, 1014
24, 67, 924
57, 113, 1005
28, 162, 1010
28, 162, 1010
61, 318, 1010
54, 459, 1001
57, 535, 1046
-,-,-
-42, 1, 1011
-42, 1, 1011
-7, -49, 1026
-36, -219, 1027
26, -263, 1025
20, -272, 1016
14, -229, 1034
-9, -217, 1018
-9, -217, 1018
21, -239, 1011
-10, -343, 1035
-15, -373, 1029
-36, -316, 1005
-13, -194, 1008
10, -107, 981
25, -30, 1023
4, 23, 1015
4, 23, 1015
8, 82, 1015
15, 196, 1031
16, 307, 1003
16, 307, 1003
-,-,-
-12, -9, 1022
-11, -10, 1027
-9, -12, 1025
-9, -12, 1025
-9, -13, 1024
1, -216, 1024
-4, -375, 1015
13, -442, 1032
-4, -463, 1023
-20, -457, 1025
-20, -457, 1025
-36, -382, 1009
5, -297, 1007
9, -174, 993
15, -37, 1040
34, 97, 961
34, 97, 961
19, 190, 1011
-7, 250, 1015
7, 325, 1021
-,-,-
-10, -15, 1024
-8, -3, 1024
-7, -56, 1025
-12, -96, 1025
-13, -217, 1023
-25, -364, 1032
-56, -479, 1015
-82, -482, 1018
-77, -390, 1029
-77, -390, 1029
10, -308, 1023
5, -264, 983
-19, -219, 1064
-25, -140, 966
-4, -73, 1006
0, 48, 1008
0, 48, 1008
20, 203, 993
88, 338, 1029
80, 426, 1008
-,-,-
-6, -6, 1022
-6, -6, 1022
-18, -26, 1026
-20, -151, 1021
-12, -309, 1024
4, -532, 1029
-14, -521, 1004
-53, -401, 1039
-82, -325, 993
-82, -325, 993
-27, -309, 1022
-18, -385, 1022
-19, -332, 997
15, -133, 977
49, 40, 980
6, 225, 1027
6, 225, 1027
15, 244, 995
17, 232, 1004
-,-,-
-3, -81, 1026
-3, -81, 1026
-7, -114, 1026
-1, -211, 1021
-9, -266, 1030
18, -310, 1014
29, -332, 1034
-3, -349, 1033
-45, -444, 1009
-71, -454, 1024
-71, -454, 1024
-16, -409, 976
-6, -299, 1025
18, -110, 984
5, 27, 956
-45, 110, 986
-45, 110, 986
-57, 209, 1030
95, 263, 997
70, 293, 1047
-,-,-
108, -189, 1028
-6, -128, 1033
-55, -165, 1011
-122, -241, 1043
-31, -335, 1022
6, -377, 1003
6, -377, 1003
40, -387, 1033
51, -396, 1011
-58, -376, 1042
-72, -293, 1002
-60, -233, 1013
-25, -168, 1028
11, -44, 1002
2, 130, 1015
2, 130, 1015
28, 202, 1015
43, 260, 977
50, 278, 1047
50, 278, 1047
-,-,-
-6, -149, 977
9, -246, 1043
9, -246, 1043
55, -262, 1021
21, -224, 1023
19, -214, 1040
-36, -261, 1027
-9, -352, 1018
-17, -424, 1013
-36, -427, 1006
-26, -417, 1006
-45, -295, 1037
-45, -295, 1037
-62, -127, 979
-58, 97, 994
-7, 113, 1000
-27, -20, 983
-12, 31, 1021
66, 290, 1005
-,-,-
42, -28, 1021
-14, 5, 1022
-12, -26, 1044
-19, -113, 1002
-19, -113, 1002
-21, -246, 999
-15, -250, 1098
26, -306, 1004
9, -364, 1020
-3, -458, 1018
-39, -535, 1027
-36, -442, 1017
0, -301, 1031
-21, -145, 967
-21, -145, 967
-34, -86, 929
-9, -129, 964
-2, -52, 992
37, 180, 932
37, 180, 932
38, 330, 1005
18, 376, 1001
30, 324, 996
61, 303, 1049
62, 354, 1003
-,-,-
106, -79, 1010
-3, -139, 1044
-37, -188, 1016
-72, -201, 1034
-24, -172, 1023
5, -192, 1034
5, -192, 1034
6, -226, 1012
18, -304, 1042
-9, -444, 1019
-48, -470, 1003
-43, -385, 1024
-42, -295, 974
-23, -209, 942
20, -98, 1013
20, -98, 1013
3, -66, 984
22, 71, 953
25, 245, 1008
25, 245, 1008
67, 323, 973
34, 340, 1041
31, 340, 992
46, 374, 1013
46, 374, 1013
-,-,-
9, -55, 1026
9, -55, 1026
20, -133, 1027
8, -191, 1020
13, -268, 1035
-74, -263, 1019
-42, -288, 1038
1, -255, 1001
1, -255, 1001
1, -269, 1024
-19, -328, 1009
-6, -303, 976
-8, -239, 1015
-7, -134, 955
-7, -134, 955
-5, -5, 935
-22, 51, 991
-24, 130, 1014
18, 198, 1019
18, 198, 1019
-,-,-
20, -188, 1021
43, -183, 1036
16, -226, 1003
16, -226, 1003
-26, -178, 1034
-53, -167, 1015
-56, -235, 1038
-33, -290, 1019
24, -313, 1026
25, -322, 1018
-27, -305, 1025
-47, -248, 999
-11, -152, 1035
-3, -97, 997
-3, -97, 997
10, -81, 1016
-4, -21, 976
-28, 77, 1014
1, 159, 967
1, 159, 967
13, 252, 999
26, 263, 1007
34, 239, 1009
34, 239, 1009
35, 237, 1037
-,-,-
-8, -14, 1021
-25, -84, 1025
-6, -120, 1028
31, -87, 1026
28, -129, 1017
13, -150, 1030
-22, -260, 1022
-21, -342, 1021
-21, -342, 1021
-25, -392, 1026
-17, -384, 1028
-19, -391, 982
-22, -382, 1025
-22, -309, 1016
-58, -174, 997
-30, -42, 969
12, 23, 1009
14, 85, 963
14, 85, 963
-2, 105, 1032
7, 136, 1000
3, 226, 1047
3, 226, 1047
81, 332, 988
25, 360, 1037
30, 402, 1021
-,-,-
29, -105, 1014
-25, -80, 1059
-27, -134, 1003
-35, -202, 980
-35, -202, 980
0, -248, 959
2, -251, 1014
63, -340, 1006
52, -431, 1038
-55, -480, 989
-21, -403, 1003
-21, -403, 1003
11, -296, 976
17, -176, 1031
23, -83, 1020
33, -73, 1009
-18, -81, 1016
-31, 42, 997
-31, 42, 997
-2, 190, 1013
21, 318, 1023
37, 365, 1025
30, 366, 992
30, 366, 992
-21, 398, 1015
-,-,-
42, -112, 1021
-6, -88, 1039
33, -169, 1025
-26, -155, 1024
-42, -155, 1026
-42, -155, 1026
-33, -192, 1028
0, -257, 1036
16, -316, 1014
9, -351, 1028
-28, -355, 1031
-53, -306, 1006
-34, -245, 1026
-10, -193, 976
18, -62, 970
18, -62, 970
55, 51, 996
23, 56, 993
-20, 20, 974
-20, 20, 974
-22, 74, 1030
-21, 147, 1009
-15, 158, 984
3, 176, 1023
3, 176, 1023
48, 207, 1034
-,-,-
15, -148, 1013
3, -146, 1042
20, -212, 1019
13, -239, 1032
13, -239, 1032
4, -260, 1026
-10, -304, 1014
-45, -313, 1034
-31, -280, 1008
-20, -256, 1023
25, -218, 996
4, -207, 996
-27, -134, 999
-27, -134, 999
-13, -65, 998
-33, 1, 999
12, 68, 979
25, 151, 989
25, 151, 989
25, 203, 988
-8, 231, 1035
0, 259, 975
0, 259, 975
-14, 250, 1004
2, 223, 1039
-,-,-
16, -193, 1042
-14, -189, 1008
15, -213, 1022
11, -204, 1032
27, -212, 1015
25, -219, 1018
25, -219, 1018
-6, -259, 1018
-15, -297, 1007
-10, -350, 1038
-11, -359, 1015
-5, -293, 989
2, -190, 969
-29, -133, 961
-55, -109, 979
-55, -109, 979
-73, -96, 1031
-31, 5, 986
30, 164, 1004
49, 283, 1028
2, 316, 1007
2, 316, 1007
-18, 341, 1025
-19, 377, 1008
22, 433, 1048
-,-,-
18, -185, 976
18, -185, 976
6, -167, 1044
21, -119, 1068
42, -183, 1023
16, -230, 1020
2, -281, 1024
-22, -307, 1032
-22, -307, 1032
-17, -316, 1009
2, -315, 990
4, -273, 1030
1, -250, 1014
-15, -235, 967
-6, -158, 1007
-14, -66, 963
-14, -66, 963
2, 25, 1000
-1, 74, 1018
10, 107, 991
10, 107, 991
1, 148, 993
-17, 255, 1008
38, 345, 980
50, 403, 1035
50, 403, 1035
10, 371, 1035
-,-,-
70, -183, 1020
12, -151, 1023
18, -163, 1030
-23, -179, 1025
-21, -238, 1022
-35, -304, 1014
-6, -321, 1046
-6, -321, 1046
9, -311, 1016
10, -285, 1016
19, -234, 1016
0, -222, 1015
-12, -169, 1012
25, -72, 1007
25, -72, 1007
24, 41, 1001
-2, 88, 1039
-27, 59, 982
-23, 37, 999
-23, 37, 999
-9, 87, 1020
5, 186, 981
-9, 253, 1016
-9, 253, 1016
15, 281, 1010
-,-,-
-20, -141, 1023
-26, -132, 1015
-26, -132, 1015
-39, -144, 1030
2, -197, 1035
8, -243, 1014
17, -251, 1009
-9, -258, 1039
4, -230, 969
2, -236, 1021
2, -236, 1021
6, -277, 1019
-10, -270, 1019
4, -192, 1034
10, -130, 1010
-4, -62, 981
-4, -62, 981
1, 2, 1012
6, 34, 1028
-27, 73, 965
-27, 73, 965
-28, 129, 1011
-17, 184, 982
24, 235, 1014
20, 230, 1026
20, 230, 1026
14, 270, 1037
-,-,-
5, -106, 1003
0, -133, 1008
1, -111, 1025
0, -112, 1032
3, -155, 998
3, -155, 998
1, -237, 1051
-10, -272, 1007
-2, -251, 1051
-13, -243, 992
-6, -298, 1031
-24, -340, 1002
-5, -308, 1002
-5, -308, 1002
17, -233, 993
7, -160, 966
-21, -87, 1009
17, 13, 1010
12, 86, 977
12, 86, 977
15, 111, 1012
5, 124, 983
1, 173, 961
1, 173, 961
-2, 168, 1023
-3, 151, 1042
24, 201, 1028
24, 201, 1028
49, 284, 1010
-,-,-
-8, -158, 1016
-8, -158, 1016
-14, -169, 1020
0, -171, 1036
14, -193, 1020
-2, -188, 1034
5, -222, 1006
-15, -265, 1000
-20, -292, 1002
-13, -309, 971
-13, -309, 971
-29, -299, 1027
-9, -232, 986
-7, -180, 925
13, -132, 996
-14, -140, 970
-2, -40, 996
-2, -40, 996
4, 54, 970
-18, 143, 956
1, 142, 935
1, 142, 935
-4, 104, 1028
13, 133, 1014
47, 216, 967
47, 216, 967
71, 321, 1040
57, 320, 1004
16, 273, 1045
-,-,-
51, -206, 1025
-23, -243, 1022
-62, -307, 1016
-76, -281, 1035
-30, -217, 1012
31, -229, 1015
1, -290, 1040
-24, -325, 1019
-36, -325, 1022
-26, -268, 971
-26, -268, 971
6, -184, 980
37, -101, 985
56, -70, 940
29, -37, 975
29, -37, 975
9, 78, 926
-29, 87, 926
-32, 130, 940
-32, 130, 940
35, 176, 954
109, 237, 974
82, 288, 1036
-9, 296, 1071
1, 310, 1031
1, 310, 1031
-7, 242, 1019
-,-,-
-40, -77, 1065
-40, -77, 1065
7, -165, 1001
33, -171, 1016
39, -138, 1030
9, -140, 1017
-5, -224, 1001
-46, -277, 1061
10, -315, 1019
10, -315, 1019
9, -312, 1002
16, -287, 1002
0, -269, 1025
0, -208, 988
-4, -141, 1021
18, -86, 967
18, -86, 967
-8, -52, 1040
-19, 25, 1005
4, 101, 971
4, 101, 971
-2, 160, 940
7, 189, 962
-11, 162, 1036
-19, 173, 995
-19, 173, 995
43, 266, 998
18, 324, 1107
-,-,-
10, -175, 1026
-23, -171, 992
-5, -157, 1013
-6, -159, 1030
12, -192, 1024
12, -240, 1012
12, -240, 1012
-37, -293, 1023
-24, -298, 1026
-2, -265, 982
-23, -242, 1003
0, -148, 935
-2, -88, 1030
-16, -104, 1006
-16, -104, 1006
-1, -73, 975
16, 12, 999
33, 116, 969
25, 129, 972
25, 129, 972
8, 86, 1005
28, 73, 1016
41, 134, 1024
57, 164, 992
57, 164, 992
24, 172, 1036
6, 178, 1016
-,-,-
-11, -153, 1014
-5, -150, 1016
-5, -150, 1016
-4, -203, 1031
-7, -248, 1019
6, -273, 1021
12, -300, 1041
5, -331, 1029
-7, -347, 1003
-7, -347, 1003
9, -326, 1011
-12, -288, 969
-2, -192, 998
19, -99, 1002
6, 7, 1011
6, 7, 1011
1, 86, 1003
40, 139, 982
52, 136, 1001
52, 136, 1001
-,-,-
29, -174, 1047
16, -185, 1003
-24, -216, 1025
-5, -207, 1033
7, -223, 1002
-6, -255, 1038
-6, -255, 1038
0, -307, 1026
-21, -330, 1041
-3, -326, 991
25, -258, 997
34, -198, 919
25, -128, 1002
25, -128, 1002
-11, -88, 907
-37, -99, 983
-32, -74, 999
27, 24, 978
27, 24, 978
15, 125, 965
9, 221, 986
11, 276, 1031
27, 316, 1000
27, 316, 1000
-,-,-
-27, -102, 1028
3, -108, 1019
-4, -127, 1044
25, -125, 1012
-24, -141, 1021
-44, -180, 1034
-30, -252, 1019
-27, -290, 1017
10, -282, 1028
10, -282, 1028
-12, -283, 1038
2, -291, 1042
-21, -279, 993
-18, -227, 1030
-6, -138, 970
17, -55, 981
17, -55, 981
18, -14, 1009
-23, -9, 1026
-14, 14, 981
-6, 106, 1004
26, 222, 963
26, 222, 963
41, 254, 1049
-,-,-
-22, -113, 1015
-54, -100, 1052
0, -109, 1023
11, -108, 1033
34, -192, 1014
0, -237, 1012
0, -244, 1047
6, -259, 1025
6, -259, 1025
2, -299, 1007
19, -308, 1042
16, -293, 1031
27, -267, 1008
7, -221, 997
7, -221, 997
-5, -150, 1019
8, -85, 972
-8, -78, 1026
17, -16, 998
17, -16, 998
19, 29, 962
-3, 110, 944
0, 173, 993
0, 173, 993
-,-,-
3, -98, 1035
31, -137, 1013
-7, -186, 1024
-7, -186, 1024
-31, -219, 1024
-17, -214, 1027
21, -217, 1026
23, -238, 1019
15, -271, 1021
12, -298, 1041
1, -363, 1008
-18, -338, 995
-18, -338, 995
11, -233, 1029
16, -170, 941
-10, -129, 960
-23, -82, 920
-56, -12, 992
-27, 63, 922
-27, 63, 922
25, 154, 991
59, 206, 982
21, 301, 1007
21, 301, 1007
-,-,-
32, -184, 1022
32, -184, 1022
0, -138, 1012
-18, -142, 1027
-30, -159, 1017
-8, -240, 1027
8, -299, 1032
4, -318, 1022
-6, -297, 1032
-6, -297, 1032
-13, -281, 1011
-2, -251, 993
-16, -215, 1021
21, -132, 948
31, -71, 1004
-10, -49, 929
-10, -49, 929
-16, 14, 989
-11, 43, 986
-9, 100, 953
2, 151, 970
2, 151, 970
-18, 160, 1008
10, 190, 1036
45, 206, 978
26, 236, 1024
26, 236, 1024
33, 247, 991
-,-,-
18, -128, 998
18, -128, 998
8, -154, 1024
7, -164, 1039
-13, -206, 1021
-25, -228, 1014
-37, -251, 1063
-39, -276, 999
-52, -302, 1004
-34, -279, 1014
3, -244, 1007
3, -244, 1007
-12, -194, 993
-12, -160, 971
-8, -135, 970
17, -101, 993
0, -67, 1025
0, -67, 1025
27, 0, 927
-12, 42, 1031
4, 83, 972
4, 83, 972
69, 149, 1020
106, 214, 946
100, 216, 989
100, 216, 989
17, 242, 1016
-,-,-
-25, -128, 1026
-25, -128, 1026
-18, -169, 1021
-28, -177, 1024
-12, -187, 1025
0, -205, 993
19, -215, 1055
24, -230, 983
10, -214, 1038
-3, -241, 1001
-3, -241, 1001
-5, -234, 987
-1, -202, 967
-4, -193, 1003
-11, -167, 1014
20, -107, 977
0, -74, 983
0, -74, 983
9, -2, 1008
-17, 21, 989
-39, 78, 965
-39, 78, 965
-6, 158, 953
9, 172, 1011
31, 204, 987
31, 204, 987
-,-,-
13, -80, 1017
0, -87, 1008
-40, -119, 1019
-29, -194, 1004
7, -170, 1012
5, -170, 1082
5, -170, 1082
29, -127, 1004
-4, -173, 1030
-6, -236, 1014
-9, -255, 1025
-9, -244, 1015
0, -216, 1041
0, -216, 1015
16, -175, 1015
24, -160, 1007
-3, -172, 1007
-6, -155, 1012
-10, -91, 980
16, -42, 982
16, -42, 982
13, 2, 994
14, 58, 1006
15, 51, 983
15, 51, 983
-7, 68, 891
-9, 142, 967
6, 214, 1017
6, 214, 1017
0, 227, 1017
-33, 223, 1007
-4, 166, 1028
11, 114, 1055
-,-,-
-9, -45, 1023
25, -123, 1033
25, -123, 1033
10, -170, 1029
-22, -157, 1014
-23, -175, 1028
2, -228, 1008
16, -268, 1046
21, -329, 1002
11, -334, 1047
7, -295, 1016
7, -295, 1016
26, -257, 1021
6, -248, 996
-9, -208, 1018
6, -158, 997
6, -158, 997
7, -78, 982
20, -20, 1014
-1, 56, 976
-60, 86, 1001
-60, 86, 1001
-45, 147, 969
15, 230, 981
16, 257, 1003
24, 285, 1026
-,-,-
24, -128, 994
24, -128, 994
-1, -69, 1053
-16, -89, 1026
-40, -129, 1027
-13, -198, 1028
-2, -263, 1025
15, -272, 1022
15, -261, 1012
15, -261, 1012
6, -262, 1050
19, -260, 999
16, -251, 978
18, -241, 1039
24, -199, 1007
-4, -153, 961
-4, -153, 961
-13, -139, 1015
17, -106, 989
-3, -20, 1014
11, 62, 983
11, 62, 983
16, 118, 1016
-15, 179, 1019
-28, 229, 991
-16, 264, 1018
10, 233, 1010
10, 233, 1010
-,-,-
43, -89, 1036
19, -92, 1011
-14, -115, 1026
-44, -156, 1016
-17, -169, 1031
11, -206, 1024
11, -206, 1024
21, -221, 1040
40, -246, 1018
44, -282, 1021
-2, -300, 1025
-1, -269, 1042
21, -241, 994
21, -241, 991
8, -223, 991
-27, -182, 998
1, -144, 996
-17, -121, 944
-27, -42, 962
-27, -42, 962
4, 17, 997
21, 91, 972
-8, 164, 1019
-8, 164, 1019
44, 242, 993
-19, 259, 1029
-,-,-
20, -114, 1028
-10, -104, 1020
-8, -106, 1032
-22, -123, 1027
-10, -146, 1028
-10, -146, 1028
14, -210, 1010
-12, -235, 1027
7, -226, 1027
24, -257, 1034
14, -271, 1032
20, -276, 1015
0, -260, 1011
12, -196, 1017
12, -196, 1017
-12, -152, 1017
25, -66, 1007
29, -70, 948
3, -76, 978
-11, -24, 1001
-11, -24, 1001
-2, 91, 1001
-36, 177, 981
-22, 219, 987
3, 227, 981
3, 227, 981
64, 150, 1002
9, 145, 989
-,-,-
-9, -11, 1023
-11, -11, 1024
-34, -44, 1026
-3, -163, 1023
16, -154, 1024
28, -220, 1024
11, -268, 1017
11, -268, 1017
15, -314, 1037
4, -323, 1017
9, -346, 1024
-22, -344, 1029
2, -296, 1017
2, -255, 1018
2, -255, 1018
-2, -198, 957
-38, -155, 957
-2, -121, 993
-7, -45, 1041
30, 48, 930
30, 48, 930
65, 157, 990
7, 207, 1037
-12, 247, 982
-12, 247, 982
-,-,-
27, -78, 1028
29, -122, 1019
31, -177, 1025
-32, -163, 1030
-46, -184, 1021
-33, -238, 1023
-21, -294, 1025
2, -332, 1020
-7, -382, 1015
-7, -382, 1015
11, -393, 1028
-11, -376, 1006
-15, -314, 996
22, -197, 997
44, -98, 954
-2, -21, 970
-2, -21, 970
-6, -9, 1041
19, 63, 953
18, 111, 1015
18, 111, 1015
17, 201, 1010
-,-,-
65, -105, 1000
-48, -153, 1025
-48, -153, 1025
-38, -179, 1014
-24, -254, 987
-28, -290, 1049
51, -259, 1031
59, -281, 1016
7, -302, 1030
-14, -330, 1017
-22, -327, 984
0, -270, 1031
0, -270, 1031
40, -206, 1009
-1, -132, 1018
-10, -57, 975
2, -3, 986
2, -3, 986
-9, 51, 1001
19, 129, 1030
55, 183, 997
55, 183, 997
1, 210, 971
-,-,-
-6, -7, 1027
-9, -4, 1018
-33, -52, 1024
-49, -219, 1024
26, -204, 1022
-21, -273, 1020
10, -245, 1038
10, -245, 1038
18, -248, 1028
11, -321, 1007
-15, -375, 1046
-24, -365, 1015
-3, -334, 1001
24, -253, 1035
23, -162, 1026
25, -114, 984
25, -114, 984
2, -61, 992
-8, -14, 974
-6, 47, 1032
-1, 158, 944
-1, 158, 944
16, 206, 985
32, 254, 1010
58, 272, 1016
-,-,-
-10, -117, 1030
-5, -118, 1023
-22, -106, 1028
-30, -116, 1006
-22, -133, 1033
-22, -133, 1033
-14, -209, 1026
31, -272, 1025
16, -307, 1030
15, -329, 1031
8, -317, 1015
3, -323, 1014
21, -302, 1039
21, -302, 1039
43, -282, 1006
-29, -253, 1013
-12, -141, 996
-4, -39, 971
-15, 21, 1022
-7, 81, 1003
-7, 81, 1003
-,-,-
67, -227, 968
-28, -141, 1044
-28, -141, 1044
-42, -177, 1042
-26, -193, 1029
8, -186, 1033
43, -225, 1014
32, -225, 1040
24, -236, 1018
5, -237, 1021
7, -253, 1023
7, -253, 1023
10, -222, 1014
40, -146, 1039
6, -88, 984
-14, -59, 1029
-19, -35, 996
-19, -35, 996
-33, -22, 993
-42, 21, 1019
-29, 118, 1011
-48, 143, 979
-,-,-
-5, -21, 1030
-13, -71, 1023
5, -103, 1022
-32, -128, 1028
-27, -173, 1021
-22, -216, 1025
-29, -218, 1022
-29, -218, 1022
3, -252, 1011
-7, -253, 1042
-9, -263, 1033
-21, -272, 1037
-12, -238, 1007
5, -194, 1012
13, -140, 1019
-9, -121, 987
-9, -121, 987
-45, -98, 1060
-49, -61, 984
-6, 24, 1011
13, 92, 1033
-,-,-
0, -6, 1030
2, -7, 1016
2, -7, 1016
1, -7, 1023
0, -8, 1026
6, -11, 1014
6, -11, 1014
13, -266, 995
-16, -386, 1009
-2, -389, 1077
27, -308, 1023
21, -275, 1013
21, -275, 1013
42, -307, 1036
24, -383, 1024
-10, -355, 994
4, -272, 1035
6, -171, 1013
21, -69, 1018
21, -69, 1018
36, 4, 988
-15, 64, 1019
-31, 143, 1003
-20, 226, 1041
15, 286, 977
-,-,-
-4, -7, 1028
-8, -8, 1015
-17, -43, 1024
-32, -177, 997
0, -203, 1054
0, -203, 1054
17, -285, 1017
30, -292, 1026
35, -298, 1023
-2, -376, 1011
-33, -411, 1015
-4, -371, 1035
15, -286, 1016
15, -286, 1016
18, -223, 1012
4, -167, 988
10, -120, 1007
11, -39, 993
-2, 40, 1020
-2, 40, 1020
-5, 192, 1017
-,-,-
-22, -69, 1025
-17, -72, 1021
8, -95, 1021
8, -95, 1021
0, -148, 1021
24, -180, 1025
-2, -220, 1022
0, -239, 1027
-10, -280, 1015
4, -295, 1032
4, -295, 1032
26, -308, 1005
24, -289, 1043
59, -231, 996
57, -169, 1032
0, -99, 1018
0, -99, 1018
-20, -28, 975
-11, 8, 992
-10, 31, 1013
1, 44, 1003
1, 44, 1003
-14, 134, 1005
-44, 184, 1017
-,-,-
-8, -8, 1022
-8, -8, 1022
-8, -10, 1024
-50, -112, 1019
-27, -209, 1024
25, -223, 1020
19, -284, 1034
-19, -303, 1030
-19, -303, 1030
12, -316, 1013
23, -343, 1007
16, -368, 1007
-3, -393, 1011
-19, -348, 1039
-19, -255, 983
-22, -144, 980
-13, -61, 992
-13, -61, 992
46, 19, 995
2, 55, 1018
15, 156, 1010
-,-,-
-10, -15, 1023
-7, -26, 1024
-6, -97, 1020
6, -147, 1026
1, -238, 1016
1, -238, 1016
0, -274, 1030
-6, -279, 1019
8, -286, 1020
17, -291, 1032
0, -277, 1017
-2, -253, 994
-2, -253, 994
20, -208, 1016
39, -129, 1029
26, -50, 1007
30, 26, 1022
-11, 96, 999
-11, 96, 999
-18, 148, 972
-42, 192, 1032
-48, 193, 1021
-,-,-
1, -89, 1024
1, -89, 1024
53, -159, 1023
-22, -195, 1025
-55, -253, 1015
1, -281, 1029
21, -331, 1030
33, -364, 1025
50, -396, 1022
50, -396, 1022
-6, -366, 1035
18, -339, 999
30, -243, 1008
9, -133, 992
6, -9, 1011
6, -9, 1011
-29, 59, 1012
-29, 113, 995
-43, 166, 1049
-8, 285, 998
-,-,-
-11, -28, 1023
-5, -73, 1027
12, -150, 1022
12, -150, 1022
14, -234, 1023
-12, -285, 1027
-6, -284, 1033
30, -321, 1007
10, -319, 1029
7, -309, 1032
34, -326, 1020
7, -320, 1020
7, -320, 1020
-9, -250, 1029
-6, -142, 998
28, -12, 986
21, 121, 1001
21, 121, 1001
13, 191, 1010
-30, 220, 1004
-,-,-
-25, -150, 1021
21, -218, 1034
-13, -250, 1020
-18, -258, 1025
-10, -281, 1012
-15, -291, 1041
9, -332, 1014
9, -332, 1014
-9, -381, 1014
-15, -383, 1027
-25, -329, 1012
0, -238, 1048
0, -126, 1004
15, -45, 1010
10, -13, 1015
10, -13, 1015
-14, 53, 1005
-5, 174, 1024
31, 305, 978
31, 353, 1044
31, 353, 1044
-,-,-
1, -147, 1023
1, -147, 1023
9, -226, 1026
-22, -286, 1020
-49, -279, 1046
-3, -271, 993
14, -322, 1054
11, -363, 1013
11, -363, 1013
10, -358, 1034
23, -258, 991
-1, -172, 1024
37, -91, 972
42, -36, 1008
23, -35, 1008
23, -35, 1008
12, -25, 984
-40, 66, 1017
-33, 147, 959
-7, 278, 988
-7, 278, 988
44, 302, 984
-,-,-
0, -165, 1032
7, -188, 1021
7, -188, 1021
-19, -207, 1029
-11, -244, 1019
-5, -333, 1010
-40, -423, 1057
-45, -433, 1013
-29, -318, 1017
-5, -197, 999
21, -129, 1026
41, -185, 1018
41, -185, 1018
-12, -136, 1038
0, -63, 1013
38, 69, 991
42, 140, 977
42, 140, 977
4, 186, 986
-12, 237, 1049
14, 271, 1006
9, 322, 1001
9, 322, 1001
16, 383, 1024
-,-,-
17, -64, 1022
17, -64, 1022
15, -135, 1025
9, -202, 1026
5, -240, 1018
5, -271, 1034
5, -311, 1015
5, -311, 1015
-11, -383, 1024
-42, -410, 1040
-24, -412, 1029
-17, -369, 994
-33, -263, 965
-16, -107, 1004
-1, -17, 995
-1, -17, 995
-4, 25, 1018
39, 80, 1024
39, 162, 1003
35, 265, 1027
35, 265, 1027
12, 327, 1014
-,-,-
-7, -44, 1027
-19, -67, 1023
0, -184, 1026
12, -277, 1017
12, -277, 1017
4, -340, 1021
4, -349, 1035
-28, -315, 1042
-20, -267, 998
-10, -286, 1038
6, -311, 1024
39, -279, 1020
39, -279, 1020
15, -197, 999
0, -94, 1023
-5, -22, 964
-29, -33, 1039
-16, -47, 1007
-16, -47, 1007
-5, 46, 980
14, 194, 979
11, 315, 986
36, 393, 985
-,-,-
-11, -14, 1024
4, -112, 1028
6, -198, 1022
-29, -288, 1026
-26, -323, 1025
0, -358, 1015
-12, -394, 1026
-12, -394, 1026
-17, -405, 1020
0, -438, 1043
-1, -471, 1001
-49, -420, 1022
0, -263, 1020
26, -84, 989
49, 68, 1010
49, 68, 1010
11, 167, 956
19, 251, 960
39, 355, 986
-,-,-
-23, -186, 1023
-30, -183, 1022
2, -260, 1031
13, -304, 1021
26, -337, 1022
3, -357, 1042
-15, -377, 1016
-31, -400, 1015
-5, -342, 1037
38, -233, 1026
38, -233, 1026
28, -157, 1017
39, -82, 1011
16, -2, 1000
-26, 82, 1011
-6, 221, 1025
-6, 221, 1025
12, 306, 966
-,-,-
-28, -202, 1034
-9, -161, 1024
20, -206, 1020
35, -241, 1039
60, -259, 999
60, -259, 999
-26, -284, 1027
-30, -273, 969
-22, -253, 1041
5, -232, 1026
24, -227, 1016
15, -194, 997
-20, -157, 1041
-20, -157, 1041
-30, -85, 990
-27, 11, 984
-3, 130, 1048
24, 203, 1001
-,-,-
-10, -112, 1023
3, -137, 1027
3, -137, 1027
25, -223, 1009
-30, -244, 1036
-12, -276, 1033
-11, -318, 996
-45, -373, 1043
-41, -426, 1015
-45, -442, 1006
9, -382, 1048
31, -227, 1001
31, -227, 1001
55, -77, 981
16, 50, 993
16, 84, 1010
3, 114, 1025
3, 114, 1025
-6, 143, 974
-1, 232, 1005
-,-,-
-9, -12, 1022
-9, -7, 1024
-21, -29, 1025
-32, -66, 1023
6, -94, 1021
-5, -202, 1024
-5, -202, 1024
-20, -260, 1027
16, -293, 1020
14, -303, 1023
3, -338, 1025
-8, -343, 1003
3, -339, 1004
4, -322, 1004
4, -322, 1004
15, -280, 1018
9, -200, 1016
-2, -121, 990
-21, -26, 1002
-1, 46, 995
-1, 46, 995
4, 95, 989
39, 233, 1001
11, 312, 1018
11, 312, 1018
-,-,-
-1, -125, 1025
15, -142, 1024
-40, -165, 1027
-40, -165, 1027
-28, -181, 1014
-36, -213, 1027
-2, -261, 1009
3, -284, 1028
5, -321, 1047
-38, -406, 1031
-20, -416, 1002
-11, -312, 990
-1, -219, 1046
-1, -219, 1046
1, -136, 989
8, -38, 1030
11, 59, 1014
21, 110, 1005
21, 110, 1005
4, 188, 981
0, 245, 996
9, 286, 1026
36, 331, 1026
-,-,-
-3, -97, 1004
-51, -109, 1042
-28, -156, 1029
-9, -233, 1024
24, -273, 1013
24, -334, 1012
24, -334, 1012
6, -412, 1050
-28, -509, 1006
-65, -564, 1028
-28, -459, 963
12, -281, 978
43, -84, 959
43, -84, 959
24, -16, 967
12, -7, 980
-6, -26, 1019
-25, 72, 1026
-25, 72, 1026
35, 254, 975
51, 370, 992
-2, 398, 1025
-,-,-
43, -78, 1016
-28, -56, 1034
-2, -153, 1015
-12, -162, 1019
15, -212, 1032
15, -212, 1032
25, -310, 1017
31, -381, 1019
1, -404, 1018
2, -389, 1022
-19, -386, 1030
2, -352, 1007
2, -352, 1007
6, -261, 985
9, -129, 1010
1, -22, 983
-46, 35, 1028
-46, 35, 1028
-16, 24, 1000
-8, 48, 979
24, 125, 985
6, 213, 1020
6, 213, 1020
3, 235, 1011
-25, 219, 1025
-32, 244, 1023
-2, 320, 1017
10, 320, 1029
10, 335, 1029
16, 263, 1021
-,-,-
-1, -107, 1021
-27, -106, 1028
-33, -150, 1014
-7, -209, 1026
15, -254, 1028
15, -254, 1028
36, -265, 1022
30, -270, 1012
4, -315, 1037
-21, -349, 996
0, -313, 1033
30, -253, 1018
30, -253, 1018
0, -179, 1008
27, -96, 1009
-10, -67, 1003
-21, -40, 1014
9, 22, 1004
9, 22, 1004
0, 127, 1012
6, 144, 1015
-11, 166, 998
2, 147, 1031
2, 147, 1031
0, 121, 1003
-2, 166, 1025
14, 258, 1019
-,-,-
19, -171, 1024
9, -207, 1017
-15, -234, 1025
-38, -254, 1042
24, -223, 990
17, -227, 1041
42, -245, 1019
6, -261, 1033
6, -261, 1033
5, -237, 1022
20, -215, 1014
12, -198, 1027
31, -174, 1014
-3, -158, 976
-3, -158, 976
10, -133, 1004
-15, -96, 1032
14, -6, 967
-25, 76, 969
-32, 187, 919
-32, 187, 919
1, 233, 1010
-21, 201, 1005
9, 168, 1019
-11, 203, 1033
32, 308, 1000
-,-,-
38, -172, 1024
-7, -182, 1019
0, -225, 1029
36, -228, 1018
6, -234, 1044
24, -243, 1029
24, -243, 1029
11, -295, 1008
-12, -315, 1012
0, -270, 1000
-2, -199, 973
44, -142, 1007
9, -153, 985
9, -153, 985
-35, -149, 1015
2, -84, 981
15, -20, 992
-20, 50, 997
-20, 50, 997
-17, 126, 993
-16, 173, 991
6, 209, 983
10, 259, 937
10, 259, 937
-19, 270, 1006
-,-,-
-2, -198, 1018
-2, -198, 1018
-4, -243, 1015
-7, -272, 1038
14, -280, 1024
35, -282, 1021
-4, -343, 1041
1, -329, 1007
0, -291, 1001
0, -291, 1001
8, -229, 1008
18, -165, 1007
18, -103, 1018
-5, -51, 963
-52, 18, 973
-52, 18, 973
-50, 111, 969
-17, 145, 992
-5, 173, 972
6, 208, 949
6, 208, 949
20, 274, 984
40, 282, 1036
-,-,-
15, -147, 1008
15, -147, 1008
-5, -184, 1051
-9, -214, 1014
-32, -227, 1022
-4, -219, 1039
9, -247, 1017
12, -242, 1018
17, -261, 1001
17, -261, 1001
18, -286, 1018
8, -319, 1011
-15, -253, 995
-4, -175, 1031
46, -64, 1008
15, -23, 1005
15, -23, 1005
10, 24, 1020
10, 83, 965
-13, 167, 936
1, 267, 1032
-,-,-
-4, -142, 1031
-5, -148, 1018
-37, -188, 1029
-37, -188, 1029
-26, -241, 1011
-3, -238, 1020
40, -270, 1026
21, -279, 1039
29, -272, 1002
22, -257, 1029
20, -235, 1007
15, -205, 1027
0, -141, 1023
0, -141, 1023
-12, -107, 1010
16, -107, 998
-17, -54, 1007
9, 51, 1038
25, 101, 1006
25, 101, 1006
5, 158, 1013
-6, 177, 1050
-30, 189, 1022
-11, 245, 997
-11, 245, 997
-,-,-
-4, -184, 1011
-4, -184, 1011
15, -243, 1028
7, -286, 1025
22, -279, 1020
19, -271, 996
-2, -264, 1027
-2, -259, 1035
15, -267, 986
15, -267, 986
-13, -257, 1018
29, -219, 1011
23, -169, 952
-21, -125, 1014
3, -12, 998
3, -12, 998
7, 86, 1003
11, 154, 995
13, 264, 988
-,-,-
-19, -199, 1040
-19, -199, 1040
-9, -215, 1018
0, -204, 1024
2, -196, 1034
16, -230, 1025
0, -276, 999
-10, -240, 1026
-10, -240, 1026
22, -212, 1019
25, -188, 1012
39, -175, 1004
28, -151, 1004
13, -146, 1036
-8, -112, 971
-20, -9, 993
-20, -9, 993
13, 39, 973
17, 95, 964
-14, 116, 1019
-33, 157, 983
-33, 157, 983
-20, 250, 959
-10, 300, 1040
16, 252, 977
-,-,-
-40, -159, 1009
-79, -190, 1024
-66, -221, 1035
-39, -234, 1001
-35, -218, 1038
-25, -188, 1016
0, -155, 1032
0, -155, 1032
3, -154, 987
10, -154, 1040
59, -183, 985
20, -200, 1017
76, -104, 987
76, -104, 987
89, -5, 1034
118, 11, 1005
122, 14, 987
107, 20, 998
107, 20, 998
106, 61, 979
132, 146, 983
115, 149, 982
62, 133, 1004
62, 133, 1004
72, 165, 1002
42, 153, 1039
9, 199, 1011
-31, 263, 1029
-71, 253, 1024
-71, 253, 1024
-,-,-
-37, -179, 1041
-25, -146, 999
25, -128, 1036
35, -157, 1030
57, -201, 1005
37, -221, 1034
37, -221, 1034
6, -226, 1003
-1, -219, 1065
3, -221, 1012
12, -222, 1005
12, -220, 1018
-11, -212, 1019
-25, -177, 1005
-25, -111, 1028
-25, -111, 1028
-35, -73, 1032
-16, -57, 1002
-60, -64, 1007
-100, -26, 1002
-86, 88, 1005
-85, 144, 992
-54, 215, 992
-54, 215, 992
-15, 286, 1008
10, 303, 1033
-11, 307, 1027
-,-,-
-23, -188, 1023
-52, -177, 1016
-40, -210, 1041
0, -227, 1024
16, -234, 1009
27, -254, 1028
-5, -253, 1014
-5, -253, 1014
-3, -249, 1014
-20, -237, 1032
13, -173, 1022
13, -147, 1021
20, -110, 1007
4, -68, 984
4, -68, 984
38, 16, 1030
-6, 58, 998
27, 95, 994
27, 95, 994
17, 126, 1007
2, 175, 1003
16, 188, 1011
25, 188, 1001
25, 214, 1001
6, 237, 1066
7, 229, 1005
-31, 248, 1030
-,-,-
-10, -166, 1018
2, -143, 1011
6, -166, 1034
9, -240, 1023
41, -273, 1022
22, -271, 1027
22, -271, 1027
30, -253, 1035
30, -243, 1023
0, -248, 1018
8, -208, 958
14, -153, 999
14, -153, 999
14, -80, 971
-19, -24, 1004
12, -6, 995
0, 29, 976
0, 29, 976
-12, 126, 966
41, 219, 978
44, 284, 967
44, 284, 967
14, 277, 1018
-30, 289, 967
-,-,-
-23, -25, 1027
-9, -94, 1019
16, -167, 1025
0, -216, 1020
-36, -264, 1026
-32, -245, 1020
-32, -245, 1020
0, -286, 1029
25, -333, 1020
41, -339, 1039
28, -329, 992
36, -281, 1024
42, -280, 1017
23, -205, 1019
23, -205, 1019
26, -94, 1020
35, 4, 966
21, 35, 996
21, 55, 1022
21, 55, 1022
-33, 47, 981
27, 117, 986
10, 223, 987
10, 223, 987
33, 316, 989
-18, 360, 1020
-22, 382, 1005
-30, 389, 1047
-,-,-
-14, -9, 1026
-12, -9, 1021
-12, -11, 1027
-26, -50, 1026
-29, -164, 1027
-6, -121, 1025
-17, -181, 1032
-22, -161, 1018
-22, -161, 1018
28, -180, 1044
26, -199, 1006
3, -233, 1037
19, -310, 1005
-9, -264, 1020
4, -232, 1043
2, -197, 1005
2, -197, 1005
-32, -149, 1053
-53, -156, 1022
-32, -119, 1014
-41, -77, 994
-42, 38, 1036
-33, 108, 1025
-28, 147, 1016
-28, 147, 1016
-8, 82, 1031
2, 111, 1012
-6, 204, 1017
3, 229, 1000
3, 229, 1000
14, 243, 1049
53, 230, 1021
-,-,-
-16, -92, 1007
-16, -92, 1007
-20, -103, 1030
10, -145, 1027
-4, -194, 1037
49, -228, 1016
35, -240, 1011
13, -287, 1035
9, -293, 1035
9, -293, 1035
5, -312, 1022
21, -317, 1027
18, -239, 1025
6, -177, 1022
-34, -158, 1037
-55, -129, 977
-47, -76, 1028
-47, -76, 1028
-10, 6, 953
-7, 104, 1009
-39, 140, 997
-38, 231, 995
-38, 231, 1003
-10, 274, 1003
0, 318, 1027
-9, 277, 1000
-52, 312, 1049
-,-,-
-21, -151, 1003
12, -165, 1023
-3, -206, 1023
-3, -206, 1023
-26, -276, 1036
14, -201, 1016
44, -139, 1031
23, -174, 1030
13, -221, 1027
-7, -295, 1016
28, -310, 1040
28, -310, 1040
-16, -242, 1025
-3, -262, 984
-35, -268, 1023
-31, -163, 933
-26, -70, 972
-26, -18, 1047
-58, 56, 997
-58, 56, 997
-39, 154, 1051
4, 205, 981
-38, 305, 1028
-1, 305, 1005
-1, 305, 1052
-8, 414, 1052
-,-,-
-57, -79, 1015
-14, -78, 1031
-14, -78, 1031
-3, -153, 1025
19, -143, 1028
14, -195, 1024
30, -239, 1020
47, -260, 1030
45, -281, 1021
40, -246, 1042
40, -246, 1042
-4, -235, 1018
-4, -211, 1018
-14, -198, 1023
-8, -150, 990
-10, -115, 1049
-13, -42, 1025
-33, -7, 1038
6, 33, 1025
6, 33, 1025
-10, 43, 1004
-37, 78, 1032
-36, 124, 988
-36, 124, 988
-34, 217, 1026
-4, 239, 1015
-13, 281, 1044
-,-,-
9, -9, 1024
5, -28, 1017
0, -165, 1008
-11, -144, 1029
-11, -144, 1029
25, -162, 1002
1, -169, 990
-31, -194, 1074
-6, -311, 1042
-36, -411, 1011
-37, -379, 1038
5, -298, 1000
35, -222, 1014
35, -222, 1014
29, -192, 1016
42, -216, 1015
-5, -211, 1014
-27, -139, 1003
-39, -28, 1005
-35, 82, 986
23, 90, 989
23, 90, 989
4, 125, 1003
-,-,-
47, -203, 1019
-47, -153, 1033
-20, -155, 1026
-21, -230, 1023
10, -282, 1028
-14, -358, 1015
-26, -392, 1025
-45, -364, 1015
-45, -364, 1015
0, -338, 1013
6, -293, 1039
-16, -265, 1026
37, -250, 1015
-7, -164, 1022
2, -27, 1014
-2, 64, 978
-2, 64, 978
4, 150, 1029
-8, 215, 994
-8, 215, 994
-1, 310, 1018
21, 403, 1015
-,-,-
3, -25, 1006
-20, -11, 1041
3, -186, 1022
-3, -193, 1015
-3, -193, 1015
13, -182, 1026
7, -254, 1023
-18, -354, 1038
-13, -412, 1021
-8, -409, 1033
55, -331, 1022
26, -378, 1015
-24, -356, 1033
-40, -356, 966
-40, -275, 966
-45, -193, 1039
12, 0, 928
25, 76, 1001
-18, 210, 1007
-27, 217, 986
-27, 217, 986
-16, 260, 1052
36, 350, 1024
43, 398, 1020
-,-,-
38, -79, 1011
38, -79, 1011
83, -139, 989
134, -232, 622
-151, -65, 1453
119, -281, 839
-61, -246, 1036
4, -235, 1057
4, -235, 1057
13, -304, 1033
24, -342, 1021
23, -268, 1005
14, -171, 1007
-35, -131, 1031
-50, -60, 1048
23, -104, 978
23, -104, 978
-35, -83, 1002
-5, 32, 1026
2, 85, 1002
-1, 160, 999
-1, 160, 999
-28, 151, 1010
-,-,-
4, -154, 1018
4, -154, 1018
22, -176, 1009
2, -165, 1032
2, -207, 1024
-3, -252, 1009
3, -235, 1030
3, -235, 1030
9, -214, 1012
-8, -199, 1049
-6, -248, 1000
-14, -264, 1038
4, -181, 1039
27, -155, 995
27, -155, 995
-18, -121, 1052
-9, 2, 1014
-21, 33, 997
-34, 140, 1033
4, 197, 1003
4, 197, 1003
-5, 231, 993
-8, 287, 1045
15, 371, 1006
-,-,-
-14, -16, 1023
-6, -87, 1021
-10, -132, 1024
11, -135, 1027
32, -244, 1003
32, -244, 1003
-3, -274, 1026
5, -292, 1036
4, -301, 1011
36, -278, 1028
31, -257, 1005
47, -244, 1027
47, -244, 1027
28, -242, 1036
12, -225, 1014
-5, -148, 1019
-41, -1, 1016
-38, 156, 1021
-23, 194, 1017
-67, 131, 1042
-67, 131, 1042
-15, 196, 1009
-20, 234, 1003
-14, 260, 1037
-29, 275, 1012
-,-,-
4, -105, 1025
23, -163, 1026
23, -163, 1026
13, -151, 1023
-14, -165, 1032
0, -199, 1018
-5, -242, 1029
1, -261, 1020
13, -294, 1029
13, -294, 1029
21, -327, 1039
10, -294, 1001
10, -244, 1026
20, -185, 1006
0, -172, 1048
12, -108, 1005
-14, -64, 1048
-14, -64, 1048
0, 73, 1005
-1, 164, 1013
-2, 216, 986
34, 266, 1005
8, 247, 1021
-,-,-
47, -204, 990
-1, -252, 1017
-4, -264, 992
-29, -233, 1064
-2, -252, 1031
-2, -252, 1031
25, -298, 1033
20, -345, 1019
-7, -375, 1023
0, -277, 1024
11, -264, 1009
-2, -272, 1034
19, -205, 997
19, -205, 997
0, -126, 1021
15, 38, 997
16, 94, 1005
16, 94, 1005
3, 142, 979
-10, 214, 998
20, 314, 1032
25, 383, 1012
25, 383, 1012
-,-,-
41, -218, 1007
-13, -242, 1072
-12, -194, 999
-19, -218, 1027
-3, -264, 1016
-10, -252, 1044
-2, -272, 1028
12, -258, 986
12, -258, 986
11, -233, 1046
13, -192, 977
27, -173, 1023
19, -135, 1025
11, -114, 1004
-10, -5, 1018
-10, -5, 1018
14, 83, 1024
-3, 159, 1010
-1, 225, 1020
-,-,-
22, -259, 967
10, -234, 1033
-22, -247, 1084
2, -282, 1010
12, -303, 1045
12, -303, 1045
24, -344, 1008
24, -343, 1009
14, -325, 1005
26, -262, 1026
0, -271, 1033
27, -167, 1008
33, -86, 975
33, -86, 975
-4, -25, 1039
9, 84, 1001
1, 151, 986
1, 151, 986
-3, 257, 998
13, 373, 1013
-,-,-
-30, -224, 1004
-9, -268, 1027
-9, -268, 1027
16, -281, 1019
34, -292, 1042
28, -327, 1036
0, -353, 997
14, -325, 1013
1, -328, 1030
1, -328, 1030
45, -260, 984
53, -176, 1007
22, -110, 982
1, -29, 1023
-20, 54, 993
-20, 54, 993
-,-,-
9, -181, 1018
9, -181, 1018
20, -215, 1010
19, -186, 1043
30, -220, 979
-8, -299, 1003
-33, -404, 1052
0, -486, 1008
0, -486, 1008
30, -445, 1022
13, -404, 1052
17, -352, 972
-2, -304, 1006
-6, -211, 982
10, -83, 997
10, -83, 997
46, 102, 996
42, 202, 1001
34, 275, 1007
25, 357, 1014
25, 357, 1014
-,-,-
21, -233, 992
33, -160, 1017
15, -190, 1020
15, -190, 1020
-17, -277, 988
8, -365, 1044
-5, -465, 1019
8, -505, 1039
34, -460, 1005
34, -364, 1003
23, -312, 1029
23, -312, 1029
13, -217, 991
21, -106, 993
48, -1, 979
48, 126, 970
48, 126, 970
45, 270, 1021
25, 398, 1026
-,-,-
10, -208, 1004
25, -241, 1057
9, -260, 1035
9, -260, 1035
-6, -290, 1023
-3, -313, 1020
7, -353, 1022
8, -372, 1040
37, -303, 1021
37, -303, 1021
32, -265, 1031
14, -216, 1005
-4, -143, 1031
-13, -14, 996
7, 95, 986
-2, 165, 1039
-2, 165, 1039
26, 235, 1011
24, 250, 1009
-,-,-
10, -231, 1007
26, -237, 997
26, -237, 997
10, -216, 1006
-17, -177, 1056
40, -219, 1039
27, -251, 1033
11, -267, 1011
8, -273, 1032
-1, -273, 1015
-1, -256, 1015
9, -203, 1016
24, -173, 1030
23, -136, 1041
0, -84, 1005
-31, -15, 1014
-26, 102, 1012
-26, 102, 1012
-11, 194, 1031
16, 289, 1033
-,-,-
-22, -146, 1027
-21, -174, 1016
-7, -223, 1044
17, -219, 1023
40, -233, 1015
9, -217, 1019
15, -208, 994
-25, -236, 1036
-27, -245, 1005
-27, -245, 1005
-15, -229, 1024
3, -171, 1001
14, -97, 996
2, -58, 1016
-6, -8, 1016
-6, -8, 1016
6, 71, 1023
3, 133, 990
-3, 204, 989
-3, 204, 989
-,-,-
5, -80, 1031
28, -233, 1031
9, -297, 1028
-3, -315, 1033
8, -322, 1010
-14, -302, 1017
21, -238, 1023
21, -238, 1023
37, -238, 1035
23, -253, 1025
38, -226, 1012
15, -183, 1009
5, -108, 997
0, -41, 1045
0, -41, 1045
-16, 51, 1012
5, 178, 1003
-,-,-
-19, -186, 1018
-19, -186, 1018
-13, -201, 1038
13, -183, 1020
35, -176, 1017
17, -202, 1047
0, -237, 1012
-11, -262, 1016
5, -289, 1024
17, -297, 1009
17, -297, 1009
37, -238, 1033
9, -240, 1027
-3, -193, 1038
-8, -137, 1008
-6, -71, 1014
6, 20, 982
6, 20, 982
-15, 124, 1029
-17, 224, 995
-,-,-
-3, -19, 1029
88, -232, 1031
11, -220, 1018
-38, -209, 1029
-34, -181, 1022
-12, -207, 1029
-2, -245, 1020
24, -286, 1024
13, -321, 1028
13, -321, 1028
16, -299, 1006
7, -249, 1044
6, -248, 1034
26, -225, 989
1, -208, 1026
1, -208, 1026
-10, -147, 999
-1, -43, 1023
-7, 69, 1014
10, 231, 991
-,-,-
0, -153, 1020
0, -153, 1020
15, -138, 1021
13, -107, 1027
-38, -139, 1024
1, -233, 1016
1, -324, 1025
1, -324, 1025
10, -338, 1037
23, -336, 1008
16, -299, 1035
8, -240, 1017
11, -249, 1019
19, -214, 997
19, -214, 997
-15, -152, 985
-21, -51, 1019
5, 103, 1007
17, 204, 989
-,-,-
138, -95, 1003
-12, -15, 1030
-12, -40, 1013
-26, -242, 995
-46, -331, 990
-46, -331, 990
-13, -289, 1077
40, -289, 1019
58, -312, 1041
47, -358, 979
-1, -403, 1042
13, -363, 1008
16, -253, 995
16, -253, 995
35, -161, 1006
28, -80, 984
3, 2, 1007
-26, 99, 1011
-26, 99, 1011
-9, 174, 979
-19, 232, 976
-,-,-
108, -30, 1051
89, -199, 1033
-7, -257, 1037
-7, -257, 1037
-41, -307, 1001
-59, -357, 1026
-7, -329, 1028
37, -288, 1034
62, -305, 1029
57, -275, 1009
22, -226, 1031
11, -202, 1000
11, -202, 1000
2, -154, 1013
2, -101, 947
2, -21, 969
-7, 43, 985
-7, 43, 985
-26, 113, 990
-38, 215, 998
-21, 292, 1014
-13, 341, 981
-13, 341, 981
-,-,-
25, -251, 1019
26, -236, 1015
23, -240, 1001
12, -257, 1030
-6, -281, 1049
7, -320, 1000
7, -320, 1037
8, -363, 1037
19, -328, 1006
27, -301, 1022
11, -226, 1016
-1, -146, 1012
-26, -88, 1002
-38, -42, 1038
-38, -42, 1038
-42, 61, 1011
-19, 219, 1026
-1, 378, 1000
-,-,-
2, -204, 1028
2, -204, 1014
25, -223, 1014
14, -213, 997
17, -216, 1049
11, -257, 1020
15, -314, 1009
-1, -341, 1012
6, -343, 1041
6, -343, 1041
-6, -372, 1053
-17, -354, 1003
-18, -265, 966
-8, -134, 1059
15, -36, 974
7, 23, 1008
7, 23, 1008
16, 102, 1003
20, 195, 1007
34, 298, 1008
34, 298, 1008
23, 392, 1004
27, 461, 1039
-,-,-
40, -260, 978
36, -256, 1007
1, -275, 1089
1, -275, 1089
-3, -344, 1014
-12, -363, 1028
10, -390, 1010
3, -418, 1003
18, -402, 1005
11, -374, 1002
6, -352, 1055
6, -352, 1055
-2, -229, 1008
11, -68, 1016
-5, 48, 1020
25, 92, 996
25, 92, 996
12, 177, 1018
8, 274, 1004
52, 442, 967
-,-,-
89, -314, 994
-6, -307, 1050
36, -327, 1019
-7, -340, 1015
-5, -333, 1031
1, -352, 1015
1, -352, 1015
24, -360, 1041
28, -354, 997
21, -304, 994
1, -249, 1021
22, -178, 980
22, -178, 980
24, -97, 1015
41, -1, 1010
37, 96, 986
17, 153, 995
-,-,-
-17, -255, 1019
25, -217, 1031
39, -237, 1024
35, -276, 1024
15, -308, 1036
-13, -350, 1001
-5, -348, 1018
-5, -348, 1018
6, -328, 1026
6, -324, 1011
19, -277, 1007
-10, -210, 1022
-25, -126, 1008
-13, -25, 1019
2, 4, 1028
2, 4, 1028
43, 150, 979
20, 243, 1031
37, 342, 1022
37, 342, 1022
17, 377, 985
34, 446, 1021
-,-,-
15, -265, 1034
20, -297, 1027
14, -318, 1012
14, -318, 1012
1, -284, 1020
9, -256, 1028
16, -254, 1027
30, -271, 1021
12, -269, 1023
9, -241, 1038
9, -241, 1038
-10, -228, 1007
-34, -191, 1004
-49, -150, 1012
-39, -56, 1035
-5, 9, 1018
-15, 66, 991
-15, 66, 991
22, 218, 982
46, 323, 1011
50, 396, 990
-,-,-
-23, -194, 1034
-23, -219, 990
-37, -231, 1041
-23, -237, 1011
8, -242, 984
3, -235, 1074
18, -271, 1043
12, -324, 1029
12, -324, 1029
0, -328, 1021
-4, -260, 1008
8, -213, 1004
2, -190, 1012
9, -152, 993
9, -152, 993
2, -113, 949
-6, -53, 1006
11, 30, 1017
20, 82, 998
20, 82, 998
44, 188, 980
48, 316, 988
54, 414, 993
-,-,-
-12, -181, 1011
-30, -247, 1019
-47, -292, 1019
-47, -291, 1033
-7, -292, 1018
-7, -292, 1018
9, -278, 1026
21, -270, 1045
19, -280, 1009
10, -295, 1027
0, -288, 1004
-36, -217, 1038
2, -140, 993
2, -140, 993
-26, -69, 1027
-4, 11, 999
15, 90, 1026
15, 90, 1026
25, 238, 1009
51, 373, 1015
-,-,-
-29, -219, 1024
-28, -271, 1007
-42, -313, 1028
-19, -311, 1014
22, -286, 1020
19, -291, 1029
10, -294, 952
10, -294, 952
-10, -303, 1038
-10, -294, 991
-17, -212, 980
-13, -137, 989
8, -64, 1009
31, 3, 1054
31, 3, 1054
25, 44, 974
6, 118, 1034
3, 237, 1004
3, 237, 1004
22, 332, 1010
52, 409, 1027
-,-,-
-7, -271, 1045
-19, -286, 1019
-40, -303, 956
-18, -295, 957
-8, -253, 1048
41, -258, 1010
26, -231, 1001
-6, -190, 1023
-6, -190, 1023
-7, -111, 1003
-27, -98, 1023
-13, -65, 1020
10, -14, 985
0, 57, 1010
0, 57, 1010
-4, 113, 1036
-4, 182, 1008
13, 240, 1007
-,-,-
-68, -391, 1040
-68, -391, 1040
-65, -389, 995
-36, -365, 1045
9, -315, 997
23, -303, 1030
-3, -329, 1000
-25, -306, 1007
-38, -231, 1013
-8, -115, 1019
-8, -115, 1019
16, 5, 1019
53, 81, 997
57, 171, 970
29, 275, 1041
-,-,-
29, -298, 991
-26, -358, 1064
4, -442, 992
4, -442, 992
-13, -450, 970
-8, -420, 1029
9, -421, 1032
15, -369, 1004
16, -280, 1010
15, -181, 979
15, -181, 979
14, -155, 1004
-44, -139, 1009
-29, -18, 1008
0, 225, 1009
87, 428, 1045
137, 575, 1013
137, 575, 1013
-,-,-
-42, -398, 1008
-18, -448, 1037
-35, -434, 1010
-27, -392, 1032
-9, -358, 1021
-9, -358, 1021
30, -268, 994
62, -130, 1032
83, -24, 1012
77, 22, 1026
56, 37, 1002
56, 37, 1002
53, 131, 1030
83, 241, 959
95, 356, 1036
119, 437, 1008
99, 487, 1030
99, 487, 1030
-,-,-
-31, -327, 991
-71, -299, 1034
-73, -357, 991
-49, -417, 1044
-34, -461, 1037
-11, -459, 988
-32, -485, 1047
-58, -450, 1011
-34, -336, 997
-15, -258, 995
62, -94, 1002
62, -94, 1002
89, 39, 997
88, 134, 1008
120, 303, 1004
139, 469, 979
139, 469, 979
157, 509, 1041
139, 540, 1075
-,-,-
2, -291, 1034
8, -296, 1003
3, -332, 977
2, -348, 1029
36, -340, 1015
22, -370, 1062
22, -370, 1062
44, -327, 1029
17, -298, 997
9, -254, 1021
-1, -201, 1017
12, -99, 959
18, -2, 1006
18, -2, 1006
44, 109, 991
35, 211, 1011
38, 321, 1001
38, 321, 1001
35, 411, 1028
46, 441, 1031
27, 444, 1060
-,-,-
-27, -248, 1046
-10, -275, 959
-10, -275, 959
-14, -302, 1012
-26, -347, 1069
7, -355, 1005
12, -390, 1035
-11, -417, 1020
0, -320, 1020
-18, -273, 1028
9, -134, 1006
9, -134, 1006
35, -47, 991
53, -16, 999
31, 97, 1011
39, 211, 1026
39, 211, 1026
46, 354, 1031
33, 415, 1026
62, 507, 1002
6, 521, 1049
6, 521, 1049
-,-,-
0, -229, 1010
4, -330, 1031
-20, -394, 1032
-33, -418, 1024
-33, -418, 1024
-30, -445, 1021
-9, -411, 1026
-15, -418, 1019
3, -365, 1024
33, -264, 995
44, -163, 991
78, -14, 1014
78, -14, 1014
76, 131, 999
11, 297, 967
25, 435, 1011
-,-,-
-16, -253, 1034
-56, -216, 1020
-56, -248, 1028
-62, -325, 1029
-45, -402, 1015
-29, -441, 1019
0, -379, 1021
-37, -360, 1035
-39, -280, 1007
-38, -280, 1000
-38, -241, 1000
-21, -173, 1027
7, -88, 1009
36, 79, 1001
55, 225, 1007
46, 277, 993
46, 277, 993
71, 345, 1002
93, 455, 1050
103, 569, 1059
-,-,-
-19, -263, 1000
-2, -283, 1031
-5, -269, 1046
30, -276, 1016
29, -297, 1025
27, -335, 1019
29, -362, 1042
29, -362, 1042
22, -343, 1001
17, -303, 1022
9, -282, 1016
20, -218, 1022
9, -113, 1033
-1, 9, 997
-1, 9, 997
-13, 115, 1045
-9, 176, 965
-15, 228, 1021
14, 294, 995
14, 294, 995
10, 306, 1035
25, 380, 1025
10, 459, 1062
14, 533, 1123
14, 533, 1123
-,-,-
13, -114, 1036
72, -205, 969
-4, -260, 1041
-10, -318, 1080
3, -356, 1012
3, -356, 1012
3, -358, 1012
-14, -318, 1066
0, -291, 1002
29, -259, 1030
1, -207, 1005
1, -207, 1005
-3, -108, 981
-16, -10, 1034
11, 113, 1009
29, 193, 1032
27, 252, 980
27, 252, 980
12, 309, 1072
5, 364, 1074
-,-,-
13, -197, 1024
-37, -223, 1016
-35, -221, 1041
-29, -248, 1003
-29, -248, 1003
10, -241, 1026
20, -255, 1039
25, -283, 1021
26, -297, 1030
13, -292, 1027
15, -258, 1002
7, -165, 1043
3, -121, 1010
3, -121, 1010
-19, -89, 1034
-18, -34, 1008
-10, 45, 998
7, 154, 1027
7, 154, 1027
15, 237, 1029
-13, 286, 1015
-18, 366, 1053
-25, 414, 1113
-,-,-
118, -125, 1017
34, -258, 1029
-21, -309, 1016
-42, -332, 1020
-45, -354, 1019
-11, -336, 1040
16, -302, 1017
19, -334, 1017
1, -363, 1047
-11, -348, 1013
-11, -348, 1013
-6, -259, 1026
5, -166, 1000
15, -72, 1013
24, 46, 1019
10, 146, 1002
1, 214, 1014
1, 214, 1014
-7, 303, 1032
26, 433, 1022
-,-,-
41, -246, 993
4, -289, 1034
12, -275, 1022
12, -275, 1022
17, -290, 1021
1, -340, 1038
-2, -395, 1006
-3, -396, 1043
14, -354, 1013
19, -321, 1005
24, -277, 1018
24, -277, 1018
-12, -221, 1022
-9, -95, 1028
9, 45, 1018
24, 115, 1005
14, 230, 1041
14, 230, 1041
14, 366, 990
-,-,-
-25, 18, 1285
131, -220, 1005
0, -229, 1012
6, -192, 1038
10, -223, 1016
16, -324, 1011
-20, -401, 1010
-24, -475, 990
-24, -475, 990
-14, -434, 1065
25, -396, 1035
55, -334, 1035
65, -230, 1019
37, -146, 1009
2, -33, 1001
14, 103, 1026
14, 103, 1026
41, 184, 1019
41, 262, 1003
24, 359, 1005
3, 401, 1010
3, 401, 1010
-,-,-
108, -123, 1023
63, -259, 1028
-13, -259, 1022
-12, -251, 1026
-14, -259, 1018
27, -250, 1023
26, -297, 1023
26, -297, 1023
26, -323, 1035
15, -316, 1037
-2, -330, 1036
18, -280, 1008
23, -180, 1019
-2, -87, 1027
-32, 10, 1013
-32, 10, 1013
-38, 96, 1025
-45, 189, 1016
-14, 274, 1023
-3, 328, 1023
-4, 344, 1032
-,-,-
0, -239, 1015
4, -238, 1031
-23, -238, 1024
-23, -223, 1024
-13, -247, 1034
11, -294, 1031
34, -368, 1015
60, -392, 1009
30, -398, 1059
25, -363, 1009
6, -324, 1023
7, -209, 1014
7, -209, 1014
14, -68, 1036
20, 61, 1029
26, 161, 1021
-6, 256, 1011
-6, 256, 1011
-,-,-
18, -248, 1029
-24, -246, 1007
-38, -235, 1029
12, -211, 1028
47, -211, 1032
65, -222, 1039
60, -202, 1023
19, -199, 1014
19, -199, 1014
-18, -194, 1046
-38, -146, 1010
-18, -84, 1023
-33, -82, 997
-39, -44, 1041
-42, -17, 1033
-37, 55, 1011
-24, 122, 1001
-24, 122, 1001
-52, 165, 1052
-,-,-
28, -176, 1025
-7, -172, 1016
-8, -213, 987
-6, -205, 995
-3, -246, 1005
-9, -273, 1046
3, -299, 1027
3, -299, 1027
-13, -289, 1024
-14, -285, 1034
-23, -289, 1052
-12, -257, 1002
-21, -176, 1023
-18, -83, 1005
-20, -3, 1008
-30, 90, 1021
-30, 90, 1021
-26, 161, 1044
1, 270, 991
45, 367, 1036
-,-,-
90, -294, 699
-68, -149, 1356
105, -263, 886
-10, -309, 1034
-38, -377, 1073
-38, -377, 1073
-8, -380, 1071
9, -331, 1009
24, -249, 1007
12, -173, 1056
-17, -187, 1013
-7, -128, 1012
1, -51, 975
1, -51, 975
29, 80, 1015
17, 141, 981
4, 169, 977
4, 169, 977
-8, 232, 1039
21, 331, 998
55, 475, 1042
-,-,-
7, -123, 1027
16, -178, 1013
5, -196, 1022
11, -224, 1017
-5, -265, 1011
-5, -265, 1011
-41, -332, 1004
-46, -352, 986
-53, -324, 1004
26, -358, 1039
45, -337, 1006
15, -303, 999
2, -212, 1024
-7, -140, 1009
-7, -140, 1009
-11, -47, 1020
23, 51, 1006
26, 120, 973
13, 107, 1016
30, 266, 1027
30, 266, 1027
80, 522, 1043
78, 602, 980
-,-,-
27, -231, 1027
27, -237, 994
-21, -247, 1043
0, -251, 1014
9, -265, 1023
27, -280, 1028
27, -289, 1013
27, -289, 1013
2, -301, 1043
-16, -254, 1035
-1, -170, 1015
-8, -102, 1021
-13, -46, 1017
-7, -10, 985
-16, 39, 1038
-16, 39, 1038
-29, 87, 984
-21, 202, 1043
-15, 308, 1015
18, 406, 1017
-,-,-
28, -236, 1026
18, -285, 1016
9, -321, 1013
-23, -350, 1045
5, -347, 1015
0, -340, 1023
-3, -325, 1030
-3, -325, 1030
-14, -272, 1014
-13, -184, 1013
-21, -120, 1003
-28, -40, 1018
-14, 57, 996
-3, 152, 1000
-3, 245, 1043
-3, 245, 1043
6, 353, 1018
17, 412, 1024
-,-,-
-9, -253, 1005
-20, -262, 961
-20, -262, 1025
4, -238, 1025
20, -308, 1009
24, -355, 1023
42, -328, 1028
9, -282, 1017
24, -251, 1009
0, -210, 1012
0, -210, 1012
-3, -107, 1003
0, -1, 1044
21, 78, 983
-10, 135, 996
-10, 135, 996
-20, 262, 1014
-15, 372, 1033
14, 443, 1044
-,-,-
-5, -244, 1018
0, -220, 978
-10, -263, 975
-1, -286, 991
2, -325, 1058
2, -325, 1058
37, -365, 1010
31, -339, 1001
25, -292, 1055
0, -297, 1009
1, -254, 941
18, -149, 1040
18, -149, 1040
37, -44, 990
35, 7, 1003
12, 71, 1006
-12, 168, 1028
-12, 168, 1028
-5, 311, 1015
33, 399, 1028
41, 440, 997
23, 504, 1048
-,-,-
7, -170, 969
38, -192, 1002
41, -224, 1037
41, -224, 1037
39, -245, 1067
42, -272, 1019
26, -303, 1026
32, -291, 1030
10, -285, 1023
26, -252, 1006
26, -247, 1035
26, -247, 1035
16, -155, 1007
19, -76, 1043
6, 1, 1023
-13, 101, 1010
-5, 161, 994
-5, 161, 994
-14, 216, 1012
-7, 321, 1003
-12, 389, 1028
3, 432, 1034
3, 432, 1034
-44, 433, 1143
-,-,-
-2, -192, 1020
5, -244, 1013
5, -244, 1013
23, -290, 1034
25, -305, 1016
38, -342, 1044
20, -422, 1009
0, -430, 1027
-13, -410, 1029
0, -340, 1012
0, -340, 1012
29, -206, 1034
18, -86, 1017
20, 17, 1011
5, 101, 1036
5, 101, 1036
11, 182, 1015
17, 295, 1014
2, 400, 1059
25, 464, 1016
25, 464, 1016
14, 504, 1026
-,-,-
17, -364, 1024
20, -364, 1009
-9, -299, 1027
-2, -298, 1040
-1, -337, 1029
21, -387, 1023
26, -377, 1009
42, -360, 1016
29, -297, 990
29, -297, 990
25, -216, 1034
12, -133, 1032
21, -57, 995
24, 34, 1012
24, 34, 1012
20, 122, 985
17, 189, 1005
28, 290, 1021
17, 364, 1004
17, 364, 1004
16, 466, 1023
9, 535, 1053
-,-,-
40, -324, 1039
54, -299, 985
-6, -343, 1044
-12, -386, 1025
4, -433, 1016
17, -428, 1004
15, -394, 1021
15, -394, 1021
-23, -372, 1020
0, -292, 1029
-2, -199, 982
35, -125, 995
23, -51, 1021
5, 50, 999
5, 50, 999
24, 211, 1003
58, 384, 1014
99, 536, 982
99, 536, 982
94, 669, 1055
-,-,-
-21, -385, 1027
1, -392, 992
-3, -355, 1045
16, -363, 1023
35, -391, 1009
42, -417, 1029
42, -417, 1029
31, -391, 1001
12, -277, 985
11, -226, 1002
13, -136, 1011
35, 0, 978
35, 0, 978
18, 188, 1006
31, 332, 1021
14, 468, 1014
48, 539, 997
48, 539, 997
32, 648, 1066
36, 666, 1049
-,-,-
-27, -276, 932
24, -278, 981
39, -287, 1044
14, -394, 1027
14, -394, 1027
-23, -451, 999
-41, -433, 1045
9, -354, 999
45, -226, 1003
46, -113, 1033
17, -28, 1013
17, -28, 1013
-17, 56, 998
-33, 169, 1023
-16, 270, 981
31, 372, 1011
40, 415, 1024
40, 415, 1024
35, 483, 1027
11, 575, 1112
-,-,-
-2, -188, 1007
19, -232, 1000
9, -304, 1007
9, -304, 1007
9, -311, 1024
1, -324, 1005
4, -339, 999
5, -338, 1017
5, -338, 1017
12, -300, 1041
5, -245, 974
13, -143, 1016
21, -60, 1020
28, 5, 986
28, 5, 986
23, 116, 1022
25, 234, 999
41, 338, 1014
41, 338, 1014
47, 389, 1006
50, 421, 1016
-,-,-
15, -251, 1000
11, -228, 969
11, -228, 969
-1, -237, 1003
7, -293, 1001
18, -336, 982
13, -325, 1049
14, -311, 995
14, -311, 995
-8, -253, 1030
-19, -194, 993
-9, -136, 1029
-2, -62, 1004
-4, 3, 1014
-4, 3, 1014
6, 119, 1024
45, 231, 1018
47, 324, 1027
76, 432, 1025
76, 432, 1025
55, 522, 1067
-,-,-
0, -334, 1015
-9, -372, 1018
-43, -373, 980
-27, -374, 1068
44, -373, 1009
44, -373, 1009
44, -372, 1033
42, -311, 998
33, -197, 1002
-4, -140, 1007
-42, -113, 1006
-23, 4, 1014
-23, 4, 1014
-23, 97, 968
18, 214, 1016
42, 335, 1034
33, 425, 1066
33, 425, 1066
-,-,-
-9, -214, 1039
-9, -214, 1039
-38, -309, 1029
-48, -349, 960
-9, -314, 1005
9, -332, 1004
16, -381, 1020
-3, -446, 998
-11, -397, 988
-11, -397, 988
6, -300, 1028
30, -146, 990
25, -28, 1031
34, 73, 972
34, 73, 972
24, 135, 995
9, 261, 1007
58, 387, 1009
-,-,-
39, -61, 1184
80, -281, 1023
25, -313, 1017
30, -263, 1008
30, -263, 1008
11, -236, 1021
11, -272, 1027
24, -327, 1031
19, -348, 1027
-4, -311, 1016
-4, -245, 1029
0, -192, 980
0, -192, 980
-22, -106, 1032
-10, -58, 1013
-10, 5, 986
-11, 102, 1015
15, 256, 1010
15, 256, 1010
43, 376, 1007
30, 442, 1060
20, 520, 1160
55, 589, 1101
-,-,-
98, -183, 1108
55, -304, 997
28, -284, 999
-12, -327, 979
-12, -327, 979
-1, -343, 978
18, -350, 992
28, -365, 1070
6, -392, 1008
-12, -369, 1025
-20, -294, 1000
-2, -237, 995
-2, -237, 995
-9, -138, 998
4, -5, 1032
33, 90, 1019
20, 193, 1010
20, 193, 1010
-13, 291, 1014
-7, 431, 1010
-,-,-
33, -250, 1038
-20, -313, 1034
-17, -310, 995
-17, -313, 1003
6, -306, 1016
-4, -323, 1040
-4, -323, 1040
-15, -383, 1045
-15, -349, 1008
-23, -330, 1010
-6, -248, 1030
-8, -124, 1013
-22, -26, 992
14, 100, 1030
37, 195, 1026
37, 195, 1026
56, 279, 992
57, 376, 1002
-,-,-
-9, -199, 989
12, -222, 965
8, -247, 1007
8, -247, 1007
18, -293, 1033
34, -313, 989
1, -302, 1028
7, -298, 1004
-9, -312, 1059
-9, -312, 1059
-36, -291, 1028
-16, -182, 1034
-7, -72, 1029
14, 67, 994
18, 166, 1034
22, 258, 1011
22, 258, 1011
19, 350, 1013
-,-,-
55, -182, 1062
24, -253, 1000
-14, -250, 1016
-3, -268, 984
-10, -286, 999
13, -302, 1003
6, -335, 1046
6, -335, 1046
-9, -348, 1047
0, -372, 1014
-12, -347, 1001
-21, -249, 1036
-11, -129, 1021
-13, -42, 1007
-11, 46, 1008
-11, 46, 1008
3, 160, 1019
17, 298, 1033
25, 411, 1016
47, 447, 1014
40, 418, 1021
40, 418, 1021
79, 478, 1045
-,-,-
13, -227, 1033
-15, -257, 1002
-14, -258, 967
-6, -229, 1009
6, -305, 1016
10, -364, 1006
-12, -408, 1026
-35, -433, 1037
-41, -460, 1021
-59, -413, 1011
-59, -413, 1011
-15, -285, 1026
29, -111, 979
19, -5, 1003
31, 81, 1004
27, 207, 1008
49, 339, 1009
49, 339, 1009
97, 472, 1030
-,-,-
85, -186, 1005
22, -323, 1048
-33, -354, 1029
-46, -339, 988
-39, -344, 963
-49, -371, 1044
-22, -409, 1039
-35, -348, 1017
-35, -348, 1017
-30, -215, 993
-22, -128, 1018
-18, -89, 1005
5, 24, 1022
15, 77, 1008
47, 178, 1031
47, 178, 1031
58, 268, 1018
-,-,-
113, -180, 1044
3, -260, 1019
-35, -280, 1007
-29, -283, 983
-40, -307, 1065
-15, -419, 993
-42, -535, 1006
-71, -528, 1020
-61, -366, 1029
-29, -217, 1016
-29, -217, 1016
-5, -105, 1023
12, 0, 1006
74, 155, 1008
-,-,-
-10, -444, 1005
-55, -418, 1046
-55, -418, 1046
-66, -431, 1003
-83, -455, 1044
-50, -471, 1013
-38, -463, 1029
-45, -432, 1017
-25, -344, 1001
-2, -236, 998
16, -93, 1013
17, -42, 1012
17, -42, 1012
82, 108, 991
133, 287, 1001
-,-,-
29, -162, 1026
-6, -169, 1027
-6, -169, 1027
-4, -184, 994
0, -189, 984
4, -214, 991
2, -298, 1024
7, -382, 1028
7, -382, 1028
-26, -406, 1013
-14, -431, 989
-16, -449, 1004
-31, -439, 1014
-11, -344, 962
38, -191, 1041
72, 16, 1003
72, 16, 1003
63, 117, 1006
57, 203, 1005
58, 285, 1006
45, 346, 1018
45, 346, 1018
85, 409, 1016
-,-,-
-27, -220, 1004
14, -191, 1017
0, -123, 1028
-9, -105, 1024
-30, -144, 1009
-56, -148, 1018
-67, -87, 1017
-26, 40, 1013
-4, 100, 1010
-4, 100, 1010
-8, 106, 986
-15, 163, 1048
1, 228, 1013
6, 295, 1022
-,-,-
0, -209, 1050
-39, -269, 1020
-37, -279, 942
-37, -279, 942
-37, -274, 945
0, -261, 1011
11, -285, 1040
20, -313, 1026
2, -304, 1042
-29, -236, 1006
-35, -129, 1002
-35, -129, 1002
9, -40, 1012
5, 7, 1004
30, 55, 995
13, 123, 1034
13, 123, 1034
0, 229, 1015
15, 348, 1017
50, 459, 1040
-,-,-
-13, -283, 1037
42, -292, 989
3, -292, 1033
2, -330, 1034
11, -331, 1024
11, -331, 1024
32, -320, 1022
30, -287, 996
25, -257, 1020
23, -238, 1006
-8, -200, 1039
-10, -121, 1020
-17, -16, 983
-17, -16, 983
-18, 112, 1021
-5, 217, 1028
8, 292, 1022
14, 339, 952
-3, 346, 1038
-3, 346, 1038
1, 371, 1049
-,-,-
-14, -167, 1010
-37, -221, 1036
6, -281, 992
4, -312, 1053
7, -337, 1031
0, -310, 1028
2, -317, 1026
2, -317, 1026
7, -300, 1019
0, -277, 1013
20, -208, 1015
19, -125, 1042
9, -48, 1024
9, -48, 1024
0, 20, 1000
11, 142, 1003
8, 193, 1030
8, 193, 1030
4, 274, 1016
10, 345, 1022
-,-,-
2, -233, 1038
6, -251, 1011
-12, -224, 1013
-9, -236, 1051
6, -262, 984
6, -262, 984
9, -297, 1053
21, -294, 1028
11, -254, 1026
1, -224, 1012
-1, -201, 1035
-1, -201, 1035
9, -136, 1021
-12, -98, 1005
-1, -10, 1024
-8, 79, 1005
-2, 172, 1036
-2, 172, 1036
-3, 271, 1003
-4, 330, 1039
18, 415, 1064
-,-,-
49, -117, 1037
-12, -152, 1021
-21, -182, 1012
-24, -178, 1031
16, -198, 1035
30, -219, 1012
13, -255, 1030
0, -270, 1020
-12, -242, 1033
4, -210, 1022
4, -210, 1022
-13, -207, 1022
-15, -197, 1010
-27, -144, 1025
-44, -79, 1039
-23, -9, 1001
-9, 61, 1019
-9, 61, 1019
10, 137, 1023
-2, 196, 1036
-2, 273, 1035
-2, 333, 1084
-,-,-
4, -182, 1021
4, -182, 1022
-15, -164, 1022
-15, -168, 1017
3, -187, 1018
20, -209, 1037
24, -234, 1019
6, -257, 1021
3, -254, 1055
3, -254, 1055
-1, -262, 1017
0, -261, 1017
-19, -226, 1045
-18, -176, 1014
-39, -92, 1015
-6, 38, 1038
-6, 38, 1038
11, 130, 1025
-3, 197, 1019
-14, 255, 1005
-,-,-
237, -151, 1044
112, -197, 1028
10, -260, 1070
-23, -285, 1032
-42, -297, 983
-42, -256, 955
-6, -221, 1021
14, -219, 1082
22, -243, 1024
22, -243, 1024
18, -216, 1018
-14, -186, 1039
-30, -134, 1002
-24, -76, 1010
-18, -20, 1013
5, 34, 1029
-2, 53, 1017
-2, 53, 1017
-7, 147, 1023
0, 228, 1013
10, 320, 1039
-,-,-
-16, -216, 1083
15, -252, 1014
-10, -292, 1030
-18, -343, 1020
-37, -349, 1006
-14, -307, 1020
3, -246, 1034
3, -246, 1034
-2, -174, 1031
-5, -118, 1017
14, -59, 1018
5, 1, 1023
5, 1, 1023
23, 118, 1042
33, 214, 1026
32, 315, 1012
48, 398, 1042
48, 398, 1042
-,-,-
-11, -148, 994
-31, -157, 1009
-13, -173, 1023
-23, -200, 1052
15, -243, 1028
-8, -259, 1033
2, -306, 1032
-11, -331, 1033
-17, -331, 1028
-27, -319, 1008
-27, -319, 1008
0, -262, 1037
4, -201, 1009
9, -145, 1044
17, -67, 983
-10, 19, 1033
-10, 19, 1033
-1, 113, 1029
18, 159, 1019
63, 240, 1003
81, 294, 1027
77, 346, 1026
77, 346, 1026
57, 377, 1027
-,-,-
19, -153, 1024
-10, -193, 1021
-24, -227, 1033
-10, -241, 1032
8, -244, 1027
-22, -260, 1005
-2, -277, 1024
-8, -277, 1051
-12, -252, 1020
-5, -206, 1022
-20, -172, 1016
-20, -172, 1016
-22, -128, 1002
-15, -73, 1008
-26, -26, 1024
21, 33, 977
20, 85, 1021
17, 143, 996
17, 143, 996
26, 234, 1030
24, 326, 1030
-,-,-
-32, -165, 989
7, -197, 1064
30, -255, 1019
7, -315, 1030
22, -323, 1020
22, -323, 1020
25, -334, 1030
14, -322, 1028
13, -264, 1029
29, -245, 989
-4, -230, 1028
-10, -164, 1045
0, -64, 1000
0, -64, 1000
12, 33, 1027
17, 124, 1019
2, 132, 1029
2, 132, 1029
-45, 141, 1020
-38, 255, 1058
1, 364, 1009
-,-,-
13, -201, 1007
12, -251, 1030
12, -251, 1037
-4, -270, 1037
5, -263, 1004
-10, -315, 1021
14, -322, 1035
14, -298, 997
-12, -263, 1012
24, -180, 1020
38, -99, 1038
38, -99, 1038
24, -39, 1027
-5, 30, 983
-21, 85, 1044
-19, 133, 1016
-19, 133, 1016
5, 225, 1032
0, 244, 1006
-1, 295, 1055
-3, 369, 1029
19, 423, 1015
-,-,-
16, -230, 1008
17, -180, 1002
17, -180, 1002
11, -210, 1036
-1, -295, 1017
-19, -361, 1034
-13, -388, 1024
0, -356, 1011
10, -313, 1025
14, -285, 1021
5, -241, 1029
5, -241, 1029
17, -137, 1023
-1, -19, 1008
20, 97, 1017
0, 186, 1036
0, 186, 1036
15, 281, 1015
16, 351, 1032
21, 407, 1036
-,-,-
49, -241, 1016
-2, -235, 1006
-8, -238, 995
-8, -238, 995
-24, -253, 1003
20, -214, 968
9, -297, 1030
41, -386, 1041
13, -461, 977
-15, -422, 1035
-15, -422, 1035
-12, -323, 1013
0, -264, 1016
-1, -150, 1020
9, -19, 1032
-13, 52, 1020
16, 137, 1029
16, 137, 1029
3, 255, 1023
9, 341, 1020
36, 415, 1002
40, 491, 1047
50, 556, 1040
-,-,-
-17, -241, 1015
-22, -260, 1019
2, -263, 1030
23, -259, 1029
33, -279, 1012
33, -279, 1012
-10, -338, 1038
-18, -375, 1023
-23, -362, 1029
-3, -294, 979
0, -274, 1039
23, -205, 1024
-27, -147, 1020
-31, -50, 1004
-21, 76, 981
-21, 76, 981
9, 186, 1040
36, 328, 1007
47, 423, 1040
47, 423, 1040
-,-,-
35, -262, 1003
35, -262, 1003
3, -240, 1011
26, -294, 1022
22, -330, 1001
12, -351, 1013
-3, -358, 1035
-9, -362, 1034
0, -282, 1011
0, -282, 1011
-5, -183, 1020
-3, -64, 1043
-9, 14, 1028
-4, 104, 1004
5, 181, 1030
5, 181, 1030
20, 264, 1000
17, 304, 1042
10, 365, 1028
33, 415, 1033
-,-,-
27, -250, 1027
27, -250, 1027
-35, -243, 1002
-51, -284, 1058
-67, -327, 1014
-23, -316, 1030
25, -290, 1026
27, -284, 1023
6, -316, 1008
-28, -296, 1046
-23, -259, 1023
-23, -259, 1023
11, -132, 1012
18, -22, 998
32, 53, 1026
17, 72, 1036
2, 90, 1015
2, 90, 1015
4, 191, 1001
38, 298, 1012
43, 357, 1031
43, 357, 1031
57, 432, 1040
-,-,-
81, -255, 999
-13, -245, 1043
-13, -245, 1043
-43, -296, 1011
-35, -313, 1030
-14, -338, 1025
20, -341, 984
22, -320, 1007
13, -270, 1049
32, -243, 1032
36, -169, 1012
16, -90, 983
16, -90, 983
-19, -30, 1024
0, 66, 1013
-24, 144, 1025
-39, 237, 1026
-39, 237, 1026
-31, 372, 1026
-21, 404, 1024
-13, 227, 1030
-11, 232, 1015
-,-,-
-42, -241, 1042
29, -246, 1000
36, -298, 1028
30, -359, 1031
30, -359, 1031
-18, -396, 996
2, -324, 1019
0, -268, 1030
3, -241, 1040
17, -207, 1005
13, -155, 1019
13, -155, 1019
-5, -56, 1043
-6, 60, 1017
17, 176, 975
40, 279, 1026
40, 279, 1013
27, 325, 1013
29, 328, 1036
-,-,-
-14, -256, 1050
-14, -312, 969
-43, -289, 1037
-16, -303, 1017
12, -293, 1034
10, -313, 1032
11, -299, 1028
11, -299, 1028
5, -274, 1015
4, -239, 1028
3, -197, 1027
-1, -93, 997
0, 1, 1003
0, 1, 1003
8, 85, 1050
-1, 175, 1029
-1, 175, 1029
29, 265, 997
25, 308, 1027
31, 354, 1034
-,-,-
136, -175, 981
34, -248, 1017
-7, -218, 1054
-23, -256, 996
-33, -282, 1047
-13, -311, 1017
12, -312, 1024
3, -308, 1033
3, -308, 1033
6, -257, 1005
1, -199, 1040
-32, -214, 1022
-29, -162, 1012
-12, -108, 1022
6, -30, 1025
6, -30, 1025
0, 76, 1035
1, 150, 1005
3, 243, 1012
3, 243, 1012
23, 324, 1050
49, 387, 1021
50, 447, 1094
-,-,-
-34, -199, 1028
-16, -196, 1008
13, -197, 1016
33, -211, 1028
28, -251, 1021
16, -284, 1022
-13, -267, 1027
-16, -247, 1001
-7, -221, 1021
-3, -193, 1049
-3, -193, 1049
-14, -148, 1031
-10, -93, 1007
-15, -55, 1019
-16, -13, 1030
-21, 83, 1012
8, 186, 1001
8, 186, 1001
28, 254, 1041
18, 300, 1020
0, 352, 1028
30, 414, 1034
30, 414, 1034
-,-,-
-20, -214, 1039
-48, -263, 1012
-48, -263, 1012
-36, -314, 1020
-5, -297, 1009
30, -248, 1023
17, -230, 1017
-13, -237, 1043
-20, -221, 1003
-17, -130, 1010
-19, -16, 1031
-3, 62, 992
-3, 62, 992
-5, 74, 1022
-7, 125, 985
0, 193, 1029
0, 193, 1029
-17, 219, 1051
-1, 272, 1004
-14, 298, 1022
