-,-,-
7, -14, 1023
7, -14, 1023
6, -17, 1025
27, -33, 1026
71, -22, 1024
71, -22, 1024
164, -52, 1017
192, -63, 1025
299, -93, 1016
229, -93, 1028
218, -81, 936
255, -43, 1019
255, -43, 1019
160, -4, 1052
88, -47, 936
72, -71, 1018
107, -15, 1027
106, -1, 955
106, -1, 955
4, 47, 1034
-113, 64, 1005
-61, 25, 989
-88, 29, 1018
-88, 29, 1018
-155, 75, 996
-209, 150, 1004
-251, 211, 1014
-239, 311, 1022
-233, 345, 1025
-272, 364, 1048
-271, 456, 1014
-193, 485, 922
-171, 351, 1017
-171, 351, 1017
-100, -157, 1028
-22, -69, 956
92, -218, 1017
85, -416, 976
126, -534, 1011
176, -489, 996
103, -307, 1024
110, -226, 1019
116, -157, 1024
107, -49, 1021
107, -49, 1021
-,-,-
75, -7, 964
75, -7, 964
59, -22, 1007
206, -66, 953
164, -121, 1101
355, -37, 964
283, -112, 998
283, -112, 998
318, -166, 1014
242, -144, 981
302, -141, 994
198, -124, 992
119, -30, 959
-24, 130, 986
-84, 221, 1020
-84, 221, 1020
-164, 223, 956
-238, 287, 965
-352, 357, 997
-459, 364, 1012
-344, 463, 1032
-353, 587, 1039
-325, 534, 964
-211, 409, 1010
-315, -236, 847
-315, -236, 847
187, 229, 1045
58, -114, 966
170, -322, 1015
211, -507, 899
180, -764, 986
213, -524, 997
184, -442, 1021
-,-,-
32, 5, 1045
52, -14, 978
102, -27, 990
125, -53, 1029
125, -53, 1029
186, -101, 1071
275, -86, 1050
294, -64, 1024
316, -91, 995
325, -114, 1036
328, -183, 999
189, -52, 1037
189, -52, 1037
14, 40, 978
-10, 156, 1017
-199, 209, 928
-266, 290, 1012
-325, 376, 1026
-285, 430, 1031
-351, 351, 1058
-345, 358, 1080
-335, 373, 1027
-335, 373, 1027
-315, 227, 898
-94, -56, 1177
-152, 89, 874
-36, 31, 1047
70, -9, 962
151, -8, 952
151, -8, 952
147, -369, 958
365, -542, 1110
353, -442, 834
347, -507, 1092
229, -270, 1098
-,-,-
199, -102, 949
112, 33, 957
112, 33, 957
21, 55, 897
-76, 34, 922
-136, 44, 1006
-205, 58, 970
-205, 58, 970
-207, 101, 1007
-209, 97, 1043
-252, 27, 1025
-181, 1, 1022
-147, 16, 1011
-126, 12, 1022
-44, 21, 1027
-44, 21, 1027
-10, 164, 1021
-38, 211, 1040
-35, 258, 992
-35, 363, 1045
-34, 358, 1014
-83, 344, 1040
-83, 344, 1040
-85, 375, 992
-108, -185, 977
16, 10, 1025
29, -130, 1025
49, -358, 983
61, -371, 993
61, -371, 993
129, -417, 971
-,-,-
133, 22, 997
23, 7, 1055
23, 7, 1055
275, -25, 1013
219, -56, 1017
273, -55, 1026
315, -75, 982
315, -75, 982
299, -101, 925
243, -84, 993
182, -66, 997
34, 14, 1001
-117, 158, 999
-117, 158, 999
-184, 249, 995
-259, 213, 1022
-256, 161, 1001
-198, 252, 1016
-212, 387, 1045
-239, 398, 1014
-261, 394, 993
-221, 361, 992
-341, -226, 990
98, -446, 981
98, -446, 981
72, -371, 1048
105, -267, 1104
81, -148, 998
175, -283, 975
149, -276, 991
188, -180, 1006
147, -125, 990
147, -125, 990
-,-,-
9, -10, 1015
7, -16, 1025
7, -5, 1020
17, -20, 1016
17, -20, 1016
76, -30, 1030
240, -79, 1007
284, -71, 1027
343, -48, 1007
300, -53, 1000
297, -82, 1030
273, -47, 1028
273, -47, 1028
290, -70, 963
112, -87, 1013
105, 47, 1026
-12, 85, 959
-167, 124, 1014
-314, 165, 971
-314, 165, 971
-237, 199, 964
-284, 150, 1004
-293, 228, 1019
-349, 254, 1077
-326, 312, 1008
-252, 338, 1024
-186, 273, 966
-174, 255, 943
-134, 314, 936
-134, 314, 936
-106, 224, 948
35, 127, 968
161, -85, 1021
179, -344, 897
227, -420, 967
-,-,-
61, -7, 927
40, 7, 1050
40, 7, 1050
131, -62, 1029
170, -40, 1017
229, -6, 1022
261, -3, 1029
261, -3, 1029
302, -6, 947
328, -60, 1064
341, -98, 983
285, -83, 994
263, -36, 830
263, -36, 830
117, -2, 1039
15, 76, 990
-150, 110, 846
-261, 151, 1022
-294, 172, 1007
-294, 172, 1007
-340, 266, 977
-355, 337, 1020
-365, 305, 1004
-328, 260, 996
-286, 197, 1054
-277, 234, 933
-223, 310, 1050
-191, 263, 944
-85, 176, 995
12, 23, 967
12, 23, 967
124, -162, 990
225, -360, 971
311, -552, 1007
294, -602, 944
188, -516, 1075
-,-,-
154, -29, 1062
161, -48, 1094
212, -9, 980
214, -21, 1090
286, -71, 1016
289, -59, 942
253, -107, 1029
253, -107, 1029
244, -140, 1001
160, -103, 1018
127, -54, 947
-19, 129, 940
-158, 248, 943
-258, 294, 1026
-252, 305, 932
-244, 320, 1015
-286, 340, 1016
-286, 340, 1016
-351, 337, 1003
-296, 299, 987
-243, 203, 883
-193, 123, 979
-178, 130, 994
-112, 80, 975
-51, 56, 926
-51, 56, 926
79, -106, 988
145, -296, 926
208, -503, 997
217, -545, 943
182, -424, 1048
116, -407, 1133
-,-,-
117, 2, 1016
151, -34, 1022
191, -33, 1015
248, -9, 1023
247, -7, 1016
247, -7, 1016
232, -6, 1024
270, -30, 977
264, -69, 1041
241, -85, 992
212, -62, 990
212, -62, 990
179, -16, 982
70, 68, 949
-51, 174, 919
-317, 232, 972
-322, 293, 972
-322, 293, 972
-340, 361, 953
-335, 376, 1005
-401, 397, 960
-390, 331, 991
-342, 212, 921
-271, 51, 982
-246, -19, 945
-246, -19, 945
-85, -92, 919
36, -194, 974
136, -219, 945
220, -282, 1031
287, -412, 963
249, -453, 1031
-,-,-
109, -38, 1042
124, -22, 1021
124, -22, 1021
185, -17, 1015
208, -36, 1018
228, 6, 1011
232, 19, 1051
275, -15, 965
275, -15, 965
229, -44, 1025
187, -40, 993
156, -23, 951
98, 38, 1020
16, 81, 965
16, 81, 965
-147, 134, 928
-229, 174, 926
-277, 269, 991
-311, 350, 1050
-319, 404, 920
-319, 404, 920
-336, 341, 992
-380, 82, 922
-185, -14, 885
-120, -146, 949
10, 265, 991
-338, -135, 856
172, -432, 931
172, -432, 931
298, -438, 1016
175, -366, 1076
141, -401, 1089
92, -198, 989
74, -68, 999
59, -99, 984
29, -79, 1015
-,-,-
108, -69, 1020
138, -84, 1016
168, -51, 1029
164, -75, 1003
180, -101, 1019
163, -41, 990
156, -34, 985
156, -34, 985
77, 55, 1055
25, 127, 965
-25, 209, 1026
-155, 249, 1043
-208, 295, 894
-220, 329, 987
-220, 329, 987
-200, 338, 978
-166, 321, 981
-124, 259, 998
-108, 202, 1021
-60, 156, 905
-59, -208, 1012
108, -371, 952
110, -371, 999
110, -324, 999
94, -487, 975
82, -604, 1049
84, -349, 1017
-,-,-
130, -59, 1036
30, -7, 1018
140, -6, 1057
100, -27, 1026
136, 0, 1017
136, 0, 1016
127, 12, 1016
147, -12, 1026
137, -39, 1034
202, -33, 1030
133, -43, 968
52, -39, 1047
52, -39, 1047
24, -15, 1047
29, 46, 985
-94, 139, 1032
-124, 215, 1014
-166, 275, 1003
-183, 266, 1040
-183, 266, 1040
-205, 243, 1003
-246, 164, 968
-233, 113, 977
-186, 89, 978
-95, -43, 918
-30, -119, 919
8, -186, 927
8, -186, 927
88, -193, 1012
161, -365, 934
121, -252, 1017
-,-,-
93, -40, 1091
53, -32, 1001
70, -15, 1041
122, -22, 1021
173, -25, 1027
173, -25, 1027
168, -52, 1026
169, -59, 1039
216, -66, 997
171, -87, 1038
174, -80, 989
95, -72, 955
95, -72, 955
15, 28, 1011
-37, 102, 1009
-114, 185, 1011
-177, 258, 1022
-205, 322, 1029
-238, 367, 1014
-213, 365, 1027
-213, 365, 1027
-236, 349, 998
-244, 267, 973
-198, 125, 972
-70, -4, 950
35, -127, 997
118, -319, 973
160, -418, 1044
160, -418, 1044
150, -396, 972
-,-,-
132, -46, 1025
132, -46, 1025
146, -33, 1010
123, -16, 1031
150, -30, 1017
193, -25, 1001
175, -33, 1044
127, -37, 1020
99, -7, 1011
99, -7, 1011
16, 16, 904
-37, 80, 1070
-77, 175, 1036
-77, 175, 1036
-78, 281, 1004
-182, 327, 1035
-270, 274, 1024
-283, 280, 1023
-285, 255, 1016
-288, 221, 989
-222, 104, 1032
-144, 5, 950
-43, -113, 918
-43, -113, 918
67, -160, 921
130, -265, 1016
162, -344, 871
177, -340, 1051
-,-,-
73, -20, 991
53, -15, 970
40, -23, 997
199, -6, 1082
199, -6, 1082
171, -35, 1024
247, -48, 1018
190, -55, 1033
192, -91, 986
136, -90, 1023
160, -49, 986
160, -49, 986
93, 0, 973
-12, 23, 1015
-123, 106, 969
-174, 208, 1028
-174, 208, 1028
-162, 298, 1008
-199, 347, 1034
-201, 376, 1011
-268, 358, 1025
-245, 275, 1069
-210, 208, 837
-124, 110, 975
-35, -31, 966
0, -168, 981
0, -168, 981
87, -302, 976
129, -372, 1017
143, -394, 1008
104, -339, 1006
-,-,-
25, -6, 1020
150, -23, 1027
188, -53, 1018
188, -53, 1018
222, -47, 1018
191, -53, 1031
188, -71, 1006
180, -65, 1008
155, -62, 1004
130, -42, 959
106, 39, 1040
106, 39, 1040
32, 122, 959
-21, 164, 1001
-101, 250, 1014
-134, 332, 1038
-174, 388, 1020
-189, 411, 1039
-246, 373, 961
-246, 373, 961
-273, 256, 949
-243, 146, 926
-256, -66, 1026
-202, -120, 973
-106, -227, 1019
19, -273, 962
90, -281, 949
34, -644, 1002
-,-,-
100, 0, 1019
100, 0, 1019
173, -29, 1025
204, -46, 1011
133, -89, 1032
132, -92, 1041
123, -55, 1020
127, -19, 1003
147, 0, 1036
147, 0, 1036
128, 42, 957
-5, 85, 1025
-42, 196, 987
-42, 196, 987
-73, 345, 1037
-130, 439, 1020
-191, 505, 1002
-225, 417, 1019
-197, 232, 950
-169, 126, 969
-112, -15, 989
-76, -105, 951
-76, -105, 951
-21, -187, 943
20, -369, 964
71, -478, 1049
60, -373, 928
46, -412, 1046
71, -375, 1037
-,-,-
167, -11, 1021
141, -1, 1025
182, 14, 1017
145, -10, 1018
145, -10, 1018
130, -5, 1040
162, -9, 1022
180, 14, 1000
89, 20, 1026
112, 26, 1021
112, 26, 1021
57, 66, 1024
17, 91, 1040
-57, 139, 982
-144, 214, 1011
-208, 265, 1028
-208, 265, 1028
-234, 225, 984
-280, 231, 1010
-306, 151, 884
-287, -11, 1000
-196, -22, 996
-92, -163, 918
-1, -300, 1003
62, -268, 965
123, -268, 1054
123, -253, 1054
121, -269, 1024
-,-,-
129, -22, 1083
41, -4, 974
116, -6, 1013
173, -6, 1031
184, -11, 1035
184, -11, 1035
154, -55, 1038
164, -36, 1014
200, -44, 1006
119, -45, 1043
114, -16, 984
19, 27, 1013
19, 27, 1013
-31, 122, 1022
-91, 214, 1031
-150, 343, 1042
-207, 392, 983
-213, 356, 1041
-254, 306, 993
-255, 263, 903
-255, 263, 903
-190, 136, 964
-86, -32, 931
25, -170, 984
81, -350, 1000
137, -509, 1032
148, -459, 980
116, -388, 996
116, -388, 996
-,-,-
152, -13, 1023
57, 7, 1024
109, -11, 1023
177, 9, 1024
172, -38, 1020
172, -38, 1020
191, -43, 1015
159, -28, 1029
236, -8, 967
192, -37, 1049
155, -45, 936
53, -15, 1009
53, -15, 1009
-26, 68, 1047
-23, 116, 991
-65, 187, 994
-141, 222, 981
-193, 270, 964
-193, 270, 964
-192, 298, 999
-167, 301, 982
-202, 224, 1029
-278, 188, 928
-254, 167, 1037
-205, 40, 969
-77, -31, 996
-77, -31, 996
-46, -165, 970
23, -364, 999
197, -788, 812
268, -487, 1025
234, -325, 1092
-,-,-
149, -33, 1035
91, -2, 953
56, -2, 960
56, -2, 960
148, 0, 1051
210, -8, 1089
226, -46, 1014
226, -46, 1014
233, -85, 1016
196, -105, 1023
227, -37, 1011
145, -30, 1047
175, -31, 907
93, 3, 995
93, 3, 995
-5, 111, 996
-190, 263, 958
-314, 349, 1029
-374, 348, 1022
-328, 294, 1020
-328, 294, 1020
-310, 220, 979
-296, 146, 954
-194, 72, 921
-70, -3, 979
-18, -135, 930
50, -199, 947
50, -199, 947
74, -131, 896
106, -149, 1045
145, -279, 999
-,-,-
188, -118, 956
81, -29, 1128
172, -15, 1012
164, 18, 1033
191, 36, 1001
191, 36, 1001
151, 3, 1044
189, -64, 998
224, -73, 1030
158, 0, 1024
158, 0, 1024
59, -2, 1022
48, -27, 1002
19, 10, 1041
-43, 137, 971
-43, 137, 971
-143, 230, 1041
-222, 202, 1008
-260, 180, 1047
-249, 158, 1037
-326, 139, 1032
-367, 182, 1001
-255, 211, 961
-160, 17, 1004
-74, -24, 874
-74, -24, 874
-10, -18, 989
80, -108, 973
98, -209, 869
191, -263, 958
161, -279, 937
-,-,-
174, -76, 915
37, -27, 1060
192, -28, 1078
185, -21, 1027
185, -21, 1027
230, -26, 1011
200, -30, 1040
213, -24, 1008
153, -77, 1031
148, -65, 989
53, -23, 1027
53, -23, 1027
16, 14, 1033
-91, 76, 1044
-139, 175, 951
-241, 233, 1020
-274, 262, 1052
-248, 257, 1031
-321, 318, 1029
-310, 287, 1038
-310, 287, 1038
-253, 215, 928
-153, 74, 1008
-28, -22, 1006
46, -107, 864
130, -218, 966
165, -311, 936
180, -370, 995
180, -370, 995
-,-,-
114, -3, 1026
114, -3, 1026
133, -17, 1019
160, -13, 1024
167, 9, 1026
186, 20, 1036
227, 4, 1001
227, 4, 1001
240, -56, 1040
215, -63, 1014
158, -44, 923
99, -10, 994
46, 24, 951
46, 24, 951
-5, 85, 1004
-153, 176, 1031
-314, 249, 968
-344, 236, 1033
-344, 236, 1033
-323, 207, 1023
-318, 209, 1039
-344, 205, 1037
-323, 68, 968
-253, 15, 963
-182, -34, 1024
-85, -99, 1009
13, -154, 999
13, -154, 999
76, -155, 843
148, -159, 998
175, -152, 944
174, -185, 976
-,-,-
82, -7, 1049
187, -18, 1015
172, 0, 1029
181, -31, 999
186, -70, 994
186, -70, 994
298, -56, 1053
208, -51, 993
256, -15, 1031
144, -52, 1023
72, -81, 983
72, -81, 983
-30, -52, 1012
-87, 80, 991
-184, 168, 992
-241, 228, 1006
-284, 276, 1038
-310, 271, 1036
-318, 289, 1037
-318, 289, 1037
-334, 325, 1046
-322, 312, 934
-258, 165, 955
-156, 91, 948
-33, 23, 987
72, -71, 958
72, -71, 958
166, -247, 915
203, -326, 1034
188, -399, 930
210, -347, 1051
-,-,-
87, 12, 1022
101, 0, 1024
183, -11, 1018
173, -28, 1019
209, -19, 1020
209, -19, 1020
257, -11, 1017
245, -25, 1042
221, -52, 1011
150, -66, 944
144, -55, 1004
58, 14, 975
58, 14, 975
-112, 123, 903
-223, 233, 999
-284, 258, 935
-339, 273, 933
-348, 316, 1036
-365, 320, 951
-365, 320, 951
-375, 258, 912
-291, 147, 956
-209, 53, 868
-68, -40, 905
-23, -111, 910
63, -163, 1004
63, -163, 1004
82, -157, 946
56, -397, 923
375, -495, 1011
270, -373, 1006
229, -186, 1062
169, -153, 1016
-,-,-
122, -21, 1175
143, -71, 1013
87, -82, 1019
89, -59, 1022
89, -59, 1022
61, -17, 1033
123, -29, 1039
144, -22, 1012
143, 1, 1013
133, -7, 1007
133, -7, 1007
82, 12, 995
21, 38, 1048
-32, 123, 1010
-142, 207, 1016
-142, 207, 1016
-202, 270, 1037
-229, 327, 1009
-227, 357, 1048
-301, 292, 924
-272, 170, 999
-234, 76, 949
-102, 32, 993
-32, -41, 955
-32, -41, 955
61, -134, 931
153, -279, 1027
202, -327, 1018
155, -306, 959
154, -309, 1040
131, -354, 1136
-,-,-
188, -35, 1037
188, -35, 1037
168, -24, 1003
194, -30, 1041
248, -23, 1051
208, -31, 1035
241, -68, 944
182, -37, 1009
123, -20, 979
123, -20, 979
68, -12, 922
-2, 54, 998
-144, 153, 965
-285, 257, 1069
-384, 263, 997
-384, 263, 997
-412, 266, 1001
-403, 251, 1059
-373, 232, 968
-293, 206, 1026
-165, 136, 978
-66, -14, 1001
-17, -119, 1001
40, -158, 1038
78, -163, 968
78, -163, 968
181, -227, 946
225, -284, 1003
162, -417, 1038
258, -250, 1010
-,-,-
106, 5, 1023
106, 5, 1023
92, -36, 1020
157, -56, 1019
168, -38, 1030
240, -25, 1015
289, -64, 1016
289, -64, 1016
294, -69, 1032
220, -46, 938
187, -26, 1039
69, 35, 991
4, 89, 966
4, 89, 966
-139, 186, 1047
-294, 259, 971
-339, 308, 1034
-345, 312, 1027
-401, 298, 1031
-371, 251, 1035
-342, 187, 912
-342, 187, 912
-261, 76, 987
-187, 38, 1022
-88, -15, 992
2, -114, 962
95, -205, 987
95, -205, 987
212, -246, 939
284, -295, 1015
-,-,-
213, 135, 1402
240, 0, 965
240, 0, 965
233, -13, 1019
139, -26, 1034
189, -37, 1001
187, -8, 1019
238, -55, 1015
238, -55, 1015
226, -22, 1078
179, 9, 923
75, 43, 847
-1, 78, 995
-1, 78, 995
-108, 142, 1060
-260, 251, 1021
-378, 319, 1025
-426, 288, 1011
-427, 232, 989
-407, 193, 1045
-358, 141, 953
-358, 141, 953
-236, 32, 931
-35, -221, 939
4, -141, 951
148, -268, 920
244, -329, 1018
261, -317, 966
227, -305, 1110
227, -305, 1110
-,-,-
199, -19, 1072
220, -31, 1023
262, -27, 1010
203, -13, 1043
203, -13, 1043
208, -12, 1018
186, -22, 988
85, 0, 1019
13, 28, 1026
-69, 73, 1008
-69, 73, 1008
-167, 185, 1000
-229, 245, 1023
-289, 284, 1043
-331, 327, 1017
-362, 303, 932
-317, 223, 1005
-256, 156, 907
-178, 118, 1015
-136, 23, 1022
-136, 23, 1022
-16, -115, 895
178, -278, 988
290, -361, 994
266, -364, 980
250, -393, 1029
-,-,-
140, 6, 1017
206, -28, 1022
216, -27, 1009
225, -52, 1045
225, -52, 1045
260, -5, 1018
221, -37, 1012
153, -9, 968
73, 11, 1005
-6, 57, 1008
-6, 57, 1008
-83, 167, 1001
-222, 233, 1018
-324, 252, 935
-390, 287, 1073
-407, 245, 1038
-419, 190, 958
-378, 178, 970
-378, 178, 970
-275, 86, 1054
-201, -13, 999
-84, -84, 949
9, -97, 963
88, -208, 930
88, -208, 930
225, -230, 1033
331, -306, 966
248, -521, 990
-,-,-
197, 38, 1023
197, 38, 1023
122, -13, 1025
129, -9, 1023
145, 0, 1024
194, 23, 1011
194, 23, 1011
221, -6, 1013
225, -41, 1054
234, -61, 1037
179, -92, 985
145, -96, 1002
25, -45, 1036
25, -45, 1036
-81, 30, 960
-192, 112, 1018
-226, 198, 1020
-297, 249, 1033
-380, 250, 1031
-391, 214, 997
-395, 191, 1059
-373, 178, 1011
-292, 183, 991
-292, 183, 991
-150, 141, 939
-37, 0, 983
67, -77, 1013
140, -167, 968
189, -262, 988
189, -262, 988
303, -323, 1060
-,-,-
131, -44, 1014
131, -44, 1014
142, 6, 1042
206, -40, 987
210, -23, 1058
242, -37, 1015
197, -71, 999
173, -90, 1024
173, -90, 1024
108, -45, 1027
41, -5, 885
-40, 117, 908
-128, 196, 907
-197, 247, 1087
-235, 282, 1023
-235, 282, 1023
-281, 303, 1032
-353, 294, 1005
-370, 230, 1012
-358, 202, 1012
-296, 142, 1030
-196, 114, 968
-116, 40, 1042
-16, -93, 921
112, -230, 1011
184, -385, 1022
253, -350, 990
253, -350, 990
256, -428, 1042
-,-,-
109, 13, 980
185, 24, 1098
164, -29, 1021
231, -27, 1020
262, -35, 995
262, -35, 995
304, -19, 1051
230, -58, 990
167, -59, 1041
85, -23, 1004
-11, 44, 983
-11, 44, 983
-169, 117, 956
-306, 164, 1001
-367, 191, 1017
-354, 200, 1027
-352, 255, 1020
-355, 315, 1002
-336, 206, 815
-242, 106, 1041
-165, 20, 1028
-165, 20, 1028
-52, -37, 971
50, -191, 854
175, -238, 1051
278, -296, 988
238, -338, 988
261, -298, 1090
-,-,-
168, 0, 1021
271, 19, 1036
271, 19, 1036
278, -2, 1001
235, -22, 1018
250, -42, 1013
306, -17, 1012
189, -24, 1014
97, -11, 1031
97, -11, 1031
-2, 18, 974
-101, 92, 974
-271, 140, 1013
-381, 150, 1004
-417, 157, 1038
-403, 164, 1033
-444, 213, 1044
-444, 213, 1044
-398, 257, 908
-289, 231, 923
-200, 111, 1007
-102, 22, 972
-27, -187, 765
123, -144, 1011
198, -192, 948
282, -271, 973
264, -320, 1054
264, -320, 1054
-,-,-
131, -11, 1023
175, -15, 1015
161, -12, 1034
190, 0, 996
246, 39, 1034
242, 1, 1050
242, 1, 1050
198, -56, 983
159, -119, 991
90, -140, 1004
18, -98, 1055
-56, -51, 980
-56, -51, 980
-110, 22, 984
-153, 120, 1001
-227, 123, 1057
-267, 136, 1023
-255, 131, 1020
-249, 189, 1029
-259, 228, 1041
-260, 349, 1007
-217, 324, 991
-217, 324, 991
-133, 209, 882
-30, 107, 988
9, 58, 981
-25, 48, 1000
-40, -23, 1000
-40, -23, 1000
-17, -129, 1037
99, -137, 961
172, -240, 990
195, -364, 1039
175, -330, 1011
162, -310, 1059
175, -220, 1019
-,-,-
148, 18, 1029
174, -13, 1008
174, -13, 1008
200, 0, 1030
249, 9, 1004
296, 3, 1025
241, -24, 1034
241, -24, 1034
207, -31, 981
121, -32, 965
59, -59, 969
31, -41, 987
-52, -32, 990
-52, -32, 990
-161, 17, 1003
-234, 47, 1020
-261, 55, 962
-225, 91, 1080
-287, 79, 1025
-313, 124, 1032
-313, 124, 1032
-285, 144, 1022
-280, 213, 978
-226, 246, 1070
-211, 267, 982
-135, 241, 853
-109, 193, 942
-33, 169, 987
4, 116, 982
4, 116, 982
59, 0, 874
128, -158, 995
181, -211, 962
181, -211, 962
209, -236, 1010
168, -329, 991
187, -600, 1032
-,-,-
220, -20, 1004
223, -35, 1132
212, -30, 1005
251, 9, 1026
243, -14, 1004
196, -2, 1043
196, -2, 1043
146, -32, 988
148, -50, 1032
85, 4, 968
-46, 48, 1018
-46, 48, 1018
-151, 75, 995
-173, 169, 1005
-248, 224, 1016
-342, 251, 1021
-389, 265, 1012
-401, 274, 967
-330, 250, 1040
-271, 220, 962
-150, 140, 940
-150, 140, 940
-48, 24, 946
79, -141, 1037
125, -238, 924
179, -268, 996
210, -317, 1043
213, -319, 1030
197, -277, 1068
-,-,-
252, -35, 1034
190, -8, 1032
189, -10, 1024
292, 43, 1000
269, 35, 1026
269, 35, 1026
162, -23, 1032
102, -24, 1019
72, 19, 973
23, 15, 1065
23, 15, 1065
-47, 62, 954
-186, 88, 990
-278, 84, 1002
-292, 188, 1020
-334, 249, 1043
-399, 280, 997
-399, 280, 997
-402, 301, 1018
-376, 296, 997
-279, 229, 1003
-158, 141, 1026
-18, 0, 1009
117, -94, 910
243, -318, 935
243, -318, 935
269, -414, 993
274, -488, 1021
248, -416, 1188
-,-,-
113, -18, 1023
180, -16, 1008
189, 36, 1014
201, 6, 1030
201, 6, 1030
268, -1, 1023
239, -20, 1031
203, -12, 1009
152, 0, 1013
152, 0, 1013
47, 4, 1003
-57, 56, 995
-207, 90, 964
-324, 123, 1046
-324, 183, 1018
-324, 183, 1018
-328, 308, 1010
-364, 453, 1039
-325, 388, 1030
-302, 209, 920
-240, 99, 986
-134, -4, 977
38, -96, 953
38, -96, 953
168, -194, 986
192, -400, 876
212, -831, 948
343, -372, 1018
238, -160, 1065
71, -47, 967
157, -187, 1021
-,-,-
137, -4, 987
121, -16, 1044
119, -60, 1027
151, -22, 1024
151, -22, 1016
135, -4, 1016
194, -40, 1018
195, -92, 1024
226, -88, 981
172, -56, 1032
143, -44, 1037
13, 8, 961
13, 8, 961
-129, 67, 1020
-222, 177, 1044
-249, 269, 1013
-226, 299, 1002
-266, 315, 1058
-266, 315, 1058
-307, 309, 1023
-277, 270, 1010
-241, 216, 954
-130, 105, 853
-12, -7, 973
54, -143, 1026
86, -182, 927
28, -405, 1028
28, -405, 1028
283, -419, 977
273, -298, 999
142, -288, 1030
86, -121, 1024
227, -121, 1043
-,-,-
19, -22, 1026
27, -45, 1010
106, -99, 1025
119, -154, 1014
96, -139, 1037
163, -101, 1020
163, -101, 1020
181, -86, 1040
224, -117, 1011
168, -109, 991
157, -156, 995
103, -129, 1020
87, -63, 1017
72, 12, 899
72, 12, 899
5, 154, 1019
-42, 263, 1013
-65, 260, 989
-99, 269, 1064
-132, 292, 983
-132, 292, 983
-189, 335, 1057
-209, 357, 1031
-156, 367, 985
-151, 268, 1019
-277, -142, 1006
-166, -302, 943
30, -86, 954
141, 191, 980
141, 191, 980
77, 18, 1047
55, -360, 1016
-31, -576, 973
-,-,-
19, -117, 1014
90, -92, 1032
180, -76, 995
180, -76, 995
180, -67, 1066
221, -67, 984
214, -149, 1026
96, -170, 1027
143, -158, 937
116, -49, 1047
116, -49, 1047
111, 28, 978
22, 92, 975
-34, 202, 965
-130, 309, 948
-117, 382, 1006
-117, 382, 1006
-115, 398, 1042
-119, 421, 1029
-143, 443, 1033
-169, 382, 1023
-179, 274, 982
-84, 132, 983
-42, 11, 1009
-64, -150, 974
-18, -184, 971
-18, -184, 971
-77, -450, 879
-16, -436, 1021
15, -304, 987
-29, -306, 1028
-,-,-
132, -28, 1031
58, -86, 1029
58, -86, 1029
145, -91, 1015
148, -141, 1048
174, -155, 974
238, -195, 1017
219, -224, 996
158, -199, 1019
129, -79, 908
93, -25, 1014
93, -25, 1014
21, 42, 932
-17, 202, 998
-100, 361, 1046
-130, 441, 934
-140, 397, 999
-140, 397, 999
-128, 301, 1039
-97, 327, 1026
-94, 364, 1000
-65, 392, 1009
-12, 242, 967
-16, -26, 1012
-37, -227, 1014
-87, -318, 1042
-87, -318, 1042
-106, -410, 993
-60, -315, 959
-,-,-
101, -28, 1095
192, -142, 1025
161, -113, 1028
191, -132, 984
188, -105, 1024
285, -85, 1018
285, -85, 1018
266, -187, 1011
207, -198, 896
159, -98, 995
53, -18, 956
50, 128, 1035
-33, 286, 1024
-33, 286, 1024
-167, 366, 963
-185, 378, 947
-220, 370, 1013
-240, 357, 1028
-293, 395, 1018
-210, 471, 987
-175, 327, 932
-98, 128, 982
-98, 128, 982
-225, -318, 971
33, -95, 981
-2, -240, 920
-30, -512, 961
100, -390, 1028
65, -388, 1029
-,-,-
122, -51, 1028
41, -75, 1020
47, -75, 1027
86, -59, 1023
86, -59, 1023
143, -116, 1018
188, -130, 1040
201, -119, 988
208, -124, 1023
128, -123, 977
53, -58, 935
55, 49, 966
55, 49, 966
6, 160, 1012
-59, 213, 990
-132, 307, 1056
-171, 361, 1006
-204, 328, 1037
-204, 328, 1037
-200, 338, 1011
-204, 320, 1038
-156, 253, 978
-89, 134, 1000
-45, -52, 1041
20, -206, 946
73, -270, 993
45, -357, 983
45, -357, 983
42, -325, 1036
-,-,-
90, -83, 1017
90, -83, 1017
140, -117, 1023
201, -153, 1023
210, -172, 1046
222, -172, 981
206, -167, 1046
101, -114, 1014
78, 12, 952
78, 12, 952
30, 52, 1055
-84, 170, 951
-203, 342, 917
-236, 400, 1039
-228, 334, 1023
-148, 326, 1009
-148, 326, 1009
-124, 333, 1025
-81, 305, 1032
-103, 214, 1008
-94, 140, 1005
-20, 5, 1016
38, -70, 977
-12, -302, 1000
-12, -302, 1000
110, -254, 983
46, -367, 988
39, -324, 1024
21, -303, 1020
-,-,-
93, -50, 1016
170, -87, 1033
170, -87, 1033
230, -165, 1011
204, -199, 1017
203, -188, 990
180, -215, 997
201, -145, 998
149, -87, 998
47, -53, 1016
47, -53, 1016
0, 95, 1012
-55, 271, 966
-142, 429, 1000
-191, 489, 1033
-262, 375, 1042
-180, 394, 994
-168, 405, 1033
-168, 405, 1033
-171, 382, 996
-141, 227, 977
-111, 101, 1019
13, -23, 960
-47, -428, 957
179, -398, 1023
1, -513, 945
1, -513, 945
44, -429, 1040
-,-,-
58, -3, 1020
117, -51, 1024
155, -115, 1022
155, -115, 1022
154, -169, 1033
209, -238, 1008
271, -273, 1010
267, -234, 996
273, -144, 1047
148, -89, 1009
70, 22, 994
-40, 176, 1002
-40, 176, 969
-127, 297, 969
-219, 366, 990
-271, 352, 1031
-214, 324, 1024
-154, 342, 1019
-124, 402, 1049
-102, 373, 960
-95, 276, 997
-87, 142, 1011
-87, 142, 1011
-55, 1, 952
5, -68, 1020
54, -246, 972
25, -368, 986
25, -368, 986
68, -382, 1013
33, -311, 1019
-29, -319, 1086
-,-,-
74, -53, 1022
74, -53, 1022
107, -82, 1020
106, -82, 1025
172, -117, 1026
189, -140, 1021
208, -173, 1003
219, -180, 1004
141, -184, 1012
90, -121, 994
90, -121, 994
3, -1, 1019
-26, 116, 970
-163, 288, 1010
-175, 478, 1021
-239, 459, 1006
-204, 402, 1015
-153, 414, 1048
-122, 287, 1034
-122, 287, 1034
-137, 210, 977
-101, 173, 1020
11, 31, 951
100, -177, 919
87, -473, 1009
121, -495, 981
51, -459, 1036
51, -459, 1036
-,-,-
106, -79, 1021
158, -138, 1020
184, -184, 1018
194, -216, 1025
249, -246, 1008
249, -204, 1031
171, -218, 965
138, -157, 994
57, -91, 967
57, -91, 967
-3, 64, 1043
-95, 236, 1007
-130, 454, 993
-248, 546, 1013
-215, 500, 1018
-215, 500, 1018
-170, 411, 1002
-165, 404, 1058
-183, 407, 1041
-152, 334, 981
-115, 123, 966
-9, 0, 939
102, -171, 1002
91, -344, 1052
91, -344, 1052
15, -582, 997
62, -438, 1030
34, -341, 1009
27, -264, 1040
-,-,-
47, -46, 1024
128, -86, 1020
128, -86, 1020
122, -155, 1022
162, -234, 1027
255, -284, 1019
257, -263, 1018
180, -202, 1003
158, -122, 954
43, -44, 961
4, 99, 1035
4, 99, 1035
-87, 241, 942
-174, 489, 1023
-175, 566, 1029
-155, 462, 999
-152, 444, 1012
-134, 415, 1056
-134, 415, 1056
-122, 317, 1010
-63, 255, 979
-61, 129, 973
-4, 5, 993
26, -242, 969
26, -242, 969
27, -510, 1020
125, -417, 936
38, -436, 1039
-,-,-
150, -75, 1020
199, -124, 1015
155, -203, 1027
188, -205, 1039
188, -205, 1039
239, -200, 1011
257, -212, 986
239, -254, 982
101, -208, 1003
79, -142, 891
-13, 20, 998
-62, 207, 997
-62, 207, 997
-169, 368, 961
-192, 492, 956
-175, 481, 1046
-157, 414, 1038
-171, 427, 1005
-152, 464, 1013
-133, 375, 1011
-59, 314, 1005
-30, 230, 1028
-30, 230, 1028
40, 97, 946
60, -83, 1003
37, -304, 984
16, -535, 950
-17, -655, 987
-17, -655, 987
-,-,-
54, -63, 1017
52, -28, 1026
52, -28, 1026
117, -110, 1022
166, -168, 1029
175, -286, 1024
215, -340, 1038
252, -286, 909
250, -223, 989
148, -200, 962
95, -99, 985
95, -99, 985
5, -38, 895
-26, 176, 943
-138, 402, 1001
-166, 597, 983
-163, 599, 1040
-154, 491, 1032
-154, 491, 1032
-147, 515, 1026
-147, 474, 1003
-118, 375, 958
-106, 215, 959
-32, 15, 984
25, -208, 934
61, -351, 990
61, -351, 990
-,-,-
44, -106, 1019
92, -199, 1015
92, -249, 1011
92, -249, 1011
120, -282, 1033
121, -232, 981
89, -212, 961
64, -152, 982
-3, -119, 940
45, -33, 903
45, -33, 903
35, 134, 1013
28, 351, 984
-1, 480, 996
-1, 480, 996
-13, 456, 1035
-15, 395, 1031
8, 387, 981
2, 420, 1056
-14, 392, 997
-14, 392, 997
-38, 279, 990
-70, 171, 986
-42, 6, 947
-6, -191, 1014
-6, -191, 1014
-1, -344, 1016
1, -439, 936
-,-,-
41, -40, 1022
112, -121, 1025
112, -121, 1025
161, -212, 1013
178, -298, 1030
167, -292, 1039
179, -219, 994
182, -181, 1004
73, -145, 1021
58, -101, 1005
0, 24, 991
0, 24, 991
-40, 183, 964
-50, 418, 997
-66, 583, 1006
-69, 472, 1053
-54, 395, 1013
-54, 395, 1013
-43, 402, 1041
-57, 360, 975
-76, 296, 995
-89, 161, 997
-84, 24, 1055
-84, 24, 1055
-13, -89, 930
47, -178, 960
5, -205, 956
-29, -273, 986
-35, -299, 1039
-88, -366, 1076
-,-,-
84, -152, 1049
50, -206, 985
82, -208, 1033
127, -188, 993
110, -193, 1050
137, -183, 1000
137, -183, 1000
104, -140, 991
42, -90, 1008
58, 73, 1029
-2, 190, 987
-20, 294, 969
-20, 294, 969
-20, 389, 1060
-3, 383, 1023
-4, 348, 1022
-22, 393, 1016
-29, 463, 1043
-58, 392, 977
-58, 392, 977
-24, 304, 978
-30, 122, 969
-21, -68, 956
-1, -214, 976
-35, -442, 917
-35, -442, 917
-45, -470, 953
-,-,-
246, -84, 1028
98, -206, 1005
131, -240, 1027
145, -233, 1005
176, -217, 949
169, -234, 1033
132, -182, 989
102, -71, 1007
60, 90, 952
60, 90, 952
31, 257, 992
-45, 438, 973
-109, 536, 1028
-109, 536, 1028
-123, 460, 1016
-77, 495, 1016
-123, 523, 1023
-111, 478, 977
-87, 271, 937
-65, -11, 923
-14, -270, 966
-15, -406, 972
-15, -406, 972
-,-,-
48, -59, 1020
198, -98, 1018
198, -98, 1018
123, -201, 1025
187, -258, 1015
210, -290, 1026
208, -273, 1005
190, -176, 1000
157, -109, 1021
75, -4, 987
4, 177, 998
4, 177, 998
-23, 391, 1021
-11, 574, 1008
-128, 576, 1044
-204, 564, 1020
-202, 461, 1035
-122, 362, 968
-122, 362, 968
-134, 150, 985
-83, 15, 894
-7, -120, 970
16, -375, 1019
51, -452, 970
-,-,-
153, -121, 1018
134, -193, 1020
164, -196, 1022
183, -207, 1027
224, -226, 1022
242, -227, 981
242, -227, 981
167, -232, 984
81, -157, 1004
33, -3, 971
-13, 163, 957
-71, 320, 1003
-95, 478, 1015
-95, 478, 1015
-116, 515, 1030
-110, 469, 1037
-128, 474, 966
-128, 449, 1009
-109, 340, 916
-75, 122, 947
-15, -85, 881
-1, -298, 952
-1, -298, 952
-19, -311, 931
-86, -380, 1082
-,-,-
105, -182, 1028
161, -149, 1012
179, -155, 1003
202, -189, 1017
192, -228, 1023
136, -227, 982
67, -127, 1007
56, 84, 950
56, 84, 973
27, 217, 973
-64, 401, 1046
-110, 570, 1025
-97, 626, 997
-82, 588, 1029
-54, 525, 1020
-54, 525, 1020
-105, 326, 1006
-105, 150, 958
-93, -70, 988
-,-,-
35, -18, 1023
119, -102, 1015
50, -189, 1029
58, -242, 1025
106, -196, 1040
183, -250, 995
153, -315, 1041
131, -299, 1017
65, -174, 1030
78, 59, 961
78, 59, 961
15, 278, 1047
30, 498, 960
-16, 613, 1024
-16, 613, 1024
0, 550, 1019
-59, 483, 1054
-65, 439, 911
-84, 288, 1033
-101, 151, 984
-100, 46, 864
-100, 46, 864
-74, -63, 1019
-86, -259, 929
28, -380, 1024
-62, -407, 1031
-42, -346, 1027
-122, -341, 1088
-,-,-
190, -137, 1054
147, -132, 1022
167, -162, 1043
167, -162, 1043
206, -185, 984
221, -207, 1033
208, -283, 980
112, -211, 989
10, -39, 1014
-16, 69, 953
-3, 284, 958
-3, 284, 958
-76, 418, 1012
-134, 523, 975
-162, 522, 1009
-162, 514, 1036
-134, 478, 1015
-83, 352, 1004
-62, 178, 955
-62, 178, 955
-56, -13, 1038
18, -141, 977
-5, -305, 976
-7, -355, 1043
-30, -425, 952
-,-,-
184, -139, 1019
201, -167, 1012
175, -210, 1020
169, -257, 1035
197, -214, 961
175, -227, 1014
129, -176, 1013
50, -14, 995
9, 155, 1032
9, 155, 1032
-102, 340, 1005
-115, 511, 1003
-141, 560, 1039
-120, 499, 1032
-127, 479, 1042
-96, 417, 1003
-123, 251, 950
-76, 47, 1009
-76, 47, 1009
-56, -119, 972
-1, -253, 1014
-28, -428, 960
15, -366, 1045
-,-,-
124, -145, 1018
216, -203, 1028
248, -228, 1004
248, -228, 1004
235, -244, 1017
208, -237, 1014
180, -245, 1021
123, -170, 1016
97, -121, 1012
23, 7, 967
-41, 198, 983
-122, 409, 1015
-122, 409, 1015
-183, 538, 1032
-129, 474, 1002
-92, 360, 1009
-89, 379, 1036
-140, 372, 991
-199, 294, 1067
-124, 233, 1014
-87, 161, 1043
-43, 132, 1024
-2, 122, 972
-2, 122, 972
-14, -160, 1020
38, -150, 978
65, -293, 1038
82, -329, 1002
28, -380, 1018
28, -380, 1018
-3, -367, 1021
-27, -308, 1034
-,-,-
16, -21, 1018
16, -21, 1018
21, -11, 1024
166, -85, 1020
177, -136, 1029
229, -259, 1020
263, -295, 1016
228, -321, 1041
263, -255, 995
263, -255, 995
210, -199, 980
109, -125, 997
40, 3, 957
-57, 128, 1046
-133, 256, 967
-247, 407, 972
-247, 407, 972
-244, 512, 920
-176, 445, 1028
-112, 285, 1022
-83, 341, 1029
-92, 356, 1033
-119, 364, 1023
-41, 257, 1015
28, 203, 1024
28, 203, 1024
23, 177, 996
58, 92, 967
30, -172, 989
53, -218, 1004
53, -218, 1004
-1, -337, 1012
0, -328, 1001
12, -317, 996
-6, -314, 1005
-,-,-
278, -193, 1017
187, -182, 1024
190, -176, 1019
247, -153, 983
265, -215, 982
204, -265, 1019
106, -274, 977
106, -274, 977
69, -144, 1033
36, 19, 978
-5, 191, 966
-56, 301, 929
-56, 301, 929
-101, 436, 977
-133, 541, 1021
-147, 615, 1028
-151, 558, 1000
-128, 489, 1013
-113, 405, 1014
-81, 277, 993
-80, 168, 1065
-45, -114, 943
-45, -114, 943
41, -139, 996
28, -322, 1023
17, -461, 1012
20, -482, 1002
-65, -469, 1032
-,-,-
98, -29, 1016
188, -111, 1032
176, -175, 1020
197, -201, 1007
218, -190, 1007
218, -190, 1007
225, -192, 1029
149, -176, 992
115, -135, 1049
58, -101, 1002
73, -43, 973
-9, 112, 1007
-87, 275, 1020
-76, 406, 925
-76, 406, 925
-156, 465, 1028
-130, 419, 1024
-197, 374, 1046
-177, 467, 1005
-126, 449, 1049
-74, 291, 981
-38, 127, 1004
-44, -74, 1001
-44, -74, 1001
88, -172, 1013
-32, -230, 976
14, -293, 1035
9, -430, 1032
-11, -447, 977
-,-,-
203, -145, 1014
123, -180, 1010
232, -185, 1005
200, -188, 1016
187, -195, 1012
168, -221, 955
128, -184, 953
29, -79, 1022
19, 49, 954
19, 49, 954
-17, 170, 944
-56, 356, 988
-103, 489, 1002
-125, 549, 1017
-182, 490, 1031
-155, 481, 1001
-67, 408, 1021
-67, 408, 1021
-74, 303, 1037
-57, 225, 968
-115, -123, 956
18, -183, 1009
-25, -353, 977
-55, -474, 1037
-,-,-
256, -331, 967
183, -323, 1051
248, -264, 963
306, -185, 987
228, -137, 954
164, -85, 974
164, -85, 974
56, -54, 974
10, 102, 1027
-114, 222, 971
-142, 437, 942
-193, 594, 1050
-197, 607, 993
-197, 607, 993
-212, 554, 1049
-200, 511, 998
-91, 479, 1016
-90, 353, 1019
-145, 115, 1012
82, -41, 1003
9, -258, 992
9, -258, 992
28, -514, 1044
-,-,-
212, -207, 953
198, -153, 988
156, -248, 966
53, -254, 980
7, -65, 979
7, -65, 979
-69, 161, 883
-43, 367, 1031
-55, 492, 1011
-81, 538, 1019
-81, 538, 1019
-54, 469, 1023
-86, 437, 1031
-84, 472, 1030
-99, 341, 932
-112, 242, 1006
0, 198, 1001
-52, -116, 987
-52, -116, 987
39, -240, 993
24, -313, 1017
-70, -417, 999
-108, -511, 1037
-,-,-
361, -157, 1029
186, -188, 995
265, -227, 1028
238, -179, 1002
199, -176, 989
117, -201, 984
130, -212, 1019
38, -117, 973
-14, 29, 1001
-14, 29, 1001
-92, 230, 996
-143, 403, 1037
-203, 528, 1004
-196, 520, 1036
-189, 359, 1025
-83, 458, 1037
-148, 391, 1015
-81, 240, 995
-81, 240, 995
-100, 87, 983
-17, -54, 1041
56, -82, 1008
61, -194, 1001
54, -348, 1013
54, -348, 1013
-31, -414, 1022
-,-,-
253, -102, 977
191, -179, 1041
197, -206, 1044
180, -228, 940
222, -221, 1029
222, -221, 1029
148, -225, 1031
120, -170, 1005
83, 3, 1014
-22, 128, 977
-56, 264, 1018
-131, 441, 994
-182, 594, 1024
-130, 514, 1021
-130, 514, 1021
-160, 483, 1056
-73, 426, 999
-43, 268, 946
-72, 198, 954
1, 59, 1045
-30, -243, 1028
-30, -243, 1028
-85, -525, 983
-,-,-
139, -180, 1028
194, -191, 979
206, -178, 1049
199, -167, 1000
123, -149, 955
65, -108, 1017
29, -55, 991
-9, 26, 1036
-9, 26, 1036
-36, 135, 981
-98, 318, 964
-138, 424, 1000
-142, 391, 1012
-83, 371, 1002
-83, 371, 1002
-95, 396, 1066
-75, 366, 984
-93, 341, 1007
-77, 353, 981
-20, 111, 977
-38, -315, 1019
80, -341, 952
80, -341, 952
29, -569, 978
12, -518, 1042
-,-,-
89, -136, 973
176, -180, 1041
220, -167, 997
181, -160, 1011
181, -160, 1011
221, -164, 968
149, -200, 1025
108, -186, 982
38, -78, 958
1, 91, 1018
-34, 210, 1007
-34, 210, 1007
-119, 325, 1028
-136, 454, 1017
-223, 460, 1041
-194, 412, 1013
-171, 462, 1013
-124, 434, 1012
-104, 291, 942
-29, 151, 1036
12, -60, 959
-45, -481, 907
-45, -481, 907
62, -381, 1031
-21, -387, 1018
-,-,-
106, -137, 994
18, -93, 1048
-5, 17, 1019
-70, 61, 1048
-70, 61, 1048
-29, 61, 1010
-9, 76, 1027
72, 10, 1025
67, -36, 1018
67, -36, 1018
-2, -11, 1036
24, 2, 1019
28, 2, 1035
28, 2, 1035
85, -17, 1021
158, -44, 1011
127, -79, 1046
75, -44, 1017
33, 46, 1031
33, 46, 1031
-39, 174, 1034
-112, 283, 1011
-182, 285, 1048
-230, 278, 1014
-254, 343, 1028
-96, 364, 982
14, 85, 919
14, 85, 919
93, -197, 995
64, -463, 978
69, -479, 1038
-,-,-
27, -8, 1013
27, -8, 1013
225, -53, 1027
168, -176, 1028
179, -227, 1009
173, -227, 1044
204, -142, 1008
114, -45, 983
114, -45, 983
46, 104, 1004
-30, 202, 919
-167, 287, 1041
-228, 337, 1030
-195, 354, 1018
-166, 440, 1055
-112, 480, 939
-106, 307, 995
-106, 307, 995
-72, 197, 949
14, -54, 1007
16, -315, 931
114, -394, 967
93, -490, 978
43, -475, 1043
-,-,-
84, -69, 1021
20, -52, 1027
9, -14, 1023
129, -85, 1022
129, -85, 1022
178, -157, 1026
237, -217, 1029
254, -288, 1013
243, -276, 1029
160, -187, 1008
31, -50, 971
-47, 156, 934
-121, 391, 963
-120, 535, 1011
-120, 535, 1011
-116, 483, 1021
-179, 462, 1047
-164, 484, 955
-168, 405, 1024
-107, 308, 952
-75, 12, 988
-2, -318, 951
121, -344, 1014
121, -344, 1014
55, -493, 974
40, -493, 1029
-,-,-
97, -59, 1011
97, -59, 1011
26, -64, 1025
115, -108, 1034
170, -165, 1019
191, -228, 1030
222, -251, 994
178, -215, 1000
140, -93, 1038
-30, 46, 897
-30, 46, 897
-40, 201, 1029
-132, 359, 1006
-167, 471, 1040
-133, 469, 1020
-148, 485, 1010
-104, 520, 1007
-45, 362, 1047
-12, 216, 984
-12, 216, 984
-42, -17, 974
-39, -236, 1001
44, -259, 968
20, -350, 975
16, -391, 998
16, -391, 998
-,-,-
49, -38, 1025
49, -38, 1025
88, -68, 1027
143, -110, 1026
164, -149, 1036
187, -205, 1021
234, -242, 1016
196, -202, 946
68, -82, 1005
9, 73, 1030
9, 73, 1030
-107, 212, 1036
-90, 337, 1024
-112, 395, 998
-123, 379, 1028
-192, 447, 1053
-224, 519, 1006
-126, 410, 970
-126, 410, 970
-92, 237, 1008
-48, -5, 973
87, -129, 923
93, -310, 981
121, -447, 1008
18, -505, 1000
18, -505, 1000
-,-,-
9, -14, 1019
59, -24, 1026
59, -24, 1026
226, -118, 1019
224, -190, 1046
258, -226, 990
216, -217, 1060
166, -183, 1013
91, -115, 1003
24, -24, 991
24, -24, 991
-57, 208, 1030
-166, 431, 1009
-208, 547, 1022
-211, 479, 1029
-261, 480, 1028
-124, 460, 988
-105, 289, 1016
-84, 93, 1015
0, -148, 1012
0, -148, 1012
93, -214, 926
40, -423, 986
-,-,-
79, -20, 1024
134, -97, 1011
174, -205, 1026
225, -267, 1016
202, -274, 1001
144, -183, 1053
46, -86, 1010
27, 66, 1004
27, 66, 1004
0, 235, 1031
-44, 370, 1010
-92, 464, 1014
-97, 461, 1008
-233, 505, 1013
-185, 499, 1049
-185, 499, 1049
-88, 467, 992
-65, 288, 979
-43, -35, 1005
69, -278, 935
55, -375, 910
58, -485, 1043
58, -485, 1043
-,-,-
48, -11, 1027
88, -57, 1017
143, -112, 1027
177, -179, 1022
233, -223, 1034
233, -223, 1034
281, -263, 982
262, -227, 948
186, -122, 1057
126, -74, 1002
-12, 24, 928
-66, 182, 1017
-122, 328, 978
-169, 447, 989
-169, 447, 989
-204, 494, 1034
-215, 424, 1009
-231, 473, 1027
-166, 430, 960
-103, 371, 972
-95, 288, 1006
-63, 27, 996
29, -361, 965
29, -361, 965
81, -462, 1009
64, -585, 971
15, -496, 1043
-,-,-
11, -10, 1021
142, -14, 1021
231, -75, 1031
231, -75, 1031
188, -204, 1026
200, -235, 1000
276, -226, 1043
268, -244, 997
159, -183, 1008
24, -23, 1005
-17, 96, 1024
-148, 284, 988
-148, 284, 988
-216, 491, 1035
-282, 540, 1013
-299, 444, 1017
-329, 488, 1041
-194, 484, 1007
-139, 305, 1016
-79, 197, 1002
-40, -105, 981
120, -346, 978
134, -476, 922
134, -476, 922
117, -588, 1034
-,-,-
21, -16, 1018
21, -16, 1018
232, -85, 1020
177, -196, 1017
213, -213, 1026
241, -254, 1010
229, -242, 1039
142, -169, 994
59, -109, 1022
7, 15, 988
7, 15, 988
-52, 236, 1034
-105, 466, 760
-144, 577, 1060
-194, 513, 1007
-267, 452, 1061
-231, 479, 952
-231, 479, 952
-194, 450, 1026
-117, 320, 1041
-71, 46, 920
37, -277, 1004
158, -394, 996
122, -509, 1027
72, -523, 980
73, -523, 1001
-,-,-
33, -82, 1023
111, -36, 1025
166, -93, 1020
198, -133, 1038
198, -133, 1038
217, -172, 1019
228, -224, 1012
254, -216, 1001
161, -151, 1003
60, -91, 969
-38, 58, 1028
-70, 221, 980
-146, 329, 1007
-146, 329, 1007
-252, 432, 1020
-249, 392, 1037
-161, 455, 1027
-200, 535, 980
-134, 412, 1017
-138, 367, 957
-166, 63, 976
86, -89, 1009
113, -299, 952
113, -299, 952
142, -488, 1054
140, -551, 977
81, -515, 1030
9, -380, 1019
66, -75, 1025
-,-,-
91, -81, 1024
179, -151, 1014
213, -170, 1003
247, -209, 1018
205, -240, 1051
245, -219, 1051
126, -163, 960
43, -25, 1005
-26, 61, 926
-26, 61, 926
-54, 133, 994
-130, 260, 1023
-185, 497, 961
-140, 546, 1022
-189, 481, 1017
-221, 519, 1030
-149, 490, 953
-149, 490, 953
-101, 335, 1019
-45, 172, 998
34, -32, 1012
61, -390, 991
88, -569, 1015
36, -575, 1031
36, -575, 1031
-,-,-
106, -39, 1027
211, -97, 1003
249, -200, 1023
195, -265, 1014
205, -245, 966
209, -232, 1008
131, -140, 950
28, -35, 1030
-26, 99, 972
-26, 99, 972
-90, 207, 1035
-218, 348, 1033
-172, 488, 1023
-163, 478, 1033
-162, 525, 1012
-105, 505, 1030
-129, 350, 966
-116, 182, 975
-116, 182, 975
-112, 141, 972
4, 57, 1016
54, -160, 1018
88, -454, 1026
147, -520, 974
37, -562, 973
37, -562, 973
-,-,-
58, -13, 1019
58, -13, 1019
186, -16, 1022
186, -71, 1025
229, -126, 1031
241, -225, 1022
329, -296, 972
161, -262, 1045
226, -165, 934
226, -165, 934
38, -102, 964
41, 8, 990
-35, 111, 995
-106, 317, 1005
-249, 545, 997
-249, 545, 997
-262, 598, 1032
-251, 564, 1016
-210, 559, 1041
-156, 453, 1013
-86, 282, 982
-43, 107, 999
22, -74, 988
22, -74, 988
35, -366, 1012
15, -525, 1018
-42, -566, 983
-,-,-
76, -88, 1009
121, -137, 1027
196, -149, 1027
179, -131, 1014
179, -131, 1014
246, -169, 992
223, -207, 1021
152, -173, 1049
71, -105, 969
31, -9, 980
-42, 115, 1050
-106, 244, 985
-106, 244, 985
-199, 411, 985
-188, 480, 1046
-128, 401, 1030
-121, 461, 1017
-138, 492, 973
-129, 452, 1014
-99, 263, 1047
-46, 95, 938
15, -218, 986
15, -218, 986
-9, -484, 1032
15, -531, 1003
48, -454, 980
9, -347, 1016
-,-,-
98, -79, 1013
98, -79, 1013
139, -129, 1019
205, -127, 1036
181, -176, 1045
254, -218, 985
268, -279, 891
136, -214, 1037
181, -103, 1003
84, -22, 1045
-4, 56, 1016
-4, 56, 1016
-59, 241, 1003
-145, 475, 1031
-181, 574, 1007
-291, 511, 1025
-287, 496, 1030
-212, 584, 994
-133, 477, 966
-133, 477, 966
-81, 265, 993
-11, 29, 964
-39, -220, 904
-20, -450, 931
34, -453, 1009
0, -458, 1056
0, -458, 1056
-,-,-
130, -53, 1025
153, -126, 1000
174, -144, 1020
209, -145, 1022
251, -133, 1011
266, -205, 967
107, -228, 1007
151, -156, 961
151, -156, 961
65, -95, 1020
45, 41, 1011
-32, 134, 987
-73, 279, 1003
-123, 458, 983
-179, 528, 975
-179, 528, 975
-246, 494, 1038
-270, 456, 1027
-251, 425, 1004
-133, 414, 957
-82, 385, 979
0, 201, 1017
8, -131, 1007
8, -131, 1007
2, -427, 1016
14, -577, 957
28, -519, 1008
-,-,-
146, -12, 1027
160, -114, 1004
193, -203, 1031
259, -205, 1003
203, -140, 1056
244, -168, 992
257, -218, 996
235, -195, 1011
151, -128, 980
53, 32, 1014
53, 32, 1014
-28, 206, 969
-116, 338, 976
-257, 472, 983
-355, 483, 1038
-318, 472, 1009
-315, 507, 1031
-193, 528, 967
-157, 370, 1009
-157, 370, 1009
-129, 210, 989
-68, 3, 933
38, -211, 940
59, -460, 960
137, -445, 959
69, -487, 974
-,-,-
132, -44, 1023
116, -114, 1020
116, -114, 1020
200, -129, 1017
235, -147, 1024
260, -214, 1054
188, -220, 978
147, -199, 1014
49, -115, 1021
23, 23, 994
-22, 163, 951
-22, 163, 951
-53, 319, 999
-88, 446, 996
-143, 464, 1051
-211, 448, 1011
-171, 484, 1045
-136, 464, 964
-108, 360, 976
-76, 360, 1007
-76, 229, 1007
13, 78, 947
46, -249, 986
14, -513, 996
8, -594, 1013
8, -594, 1013
26, -494, 1028
-19, -439, 1016
-,-,-
54, -58, 1023
110, -33, 1021
211, -77, 1020
186, -163, 1022
200, -178, 1039
243, -208, 1028
175, -216, 990
139, -165, 994
95, -78, 993
95, -78, 993
46, 32, 982
-13, 166, 1031
-86, 292, 915
-153, 441, 1047
-142, 492, 1011
-142, 492, 1011
-170, 463, 1011
-188, 442, 1020
-196, 396, 1037
-170, 407, 944
-121, 306, 959
-59, 60, 986
44, -245, 988
73, -529, 926
73, -529, 926
107, -566, 1006
55, -479, 1034
-,-,-
154, -117, 1005
154, -117, 1005
159, -132, 1049
220, -154, 984
247, -169, 1006
189, -204, 962
202, -181, 1016
68, -100, 868
129, 15, 984
68, 54, 971
68, 54, 971
-20, 127, 993
-119, 250, 974
-145, 334, 996
-164, 378, 979
-164, 378, 979
-131, 478, 1026
-164, 471, 1038
-173, 418, 984
-189, 351, 1045
-161, 257, 988
-109, 171, 1014
-189, -92, 983
-3, -227, 974
22, -268, 980
22, -268, 980
39, -275, 967
35, -359, 1016
-17, -571, 1015
-,-,-
182, -200, 1014
182, -200, 1014
203, -217, 1005
156, -220, 1025
144, -181, 1001
172, -142, 996
98, -154, 976
58, -120, 1025
7, 7, 1004
7, 7, 1004
-10, 203, 1010
-30, 252, 988
-61, 271, 1029
-57, 342, 1048
-29, 410, 991
-29, 410, 991
2, 406, 1008
-22, 433, 1055
-58, 416, 1036
-100, 339, 997
-102, 279, 1020
-68, 206, 984
-68, 206, 984
-68, 53, 937
-54, -140, 1017
-28, -445, 1010
-23, -477, 1005
-42, -548, 1024
-31, -502, 1024
-,-,-
52, -141, 1013
111, -171, 1016
113, -130, 1017
176, -126, 1021
249, -175, 991
249, -175, 991
222, -245, 1028
204, -241, 1005
176, -111, 1007
127, -27, 974
52, 71, 970
17, 188, 921
17, 188, 921
-77, 295, 946
-142, 434, 1049
-127, 530, 1037
-154, 554, 1029
-179, 517, 982
-168, 430, 1014
-153, 335, 937
-153, 335, 937
-111, 167, 1002
-64, 28, 996
-53, -165, 991
46, -315, 1024
-46, -493, 880
-1, -463, 986
-26, -458, 1045
-26, -458, 1045
-,-,-
95, -155, 1022
177, -135, 992
177, -135, 992
191, -143, 1042
228, -177, 1027
236, -180, 1011
147, -178, 983
63, -57, 911
52, 50, 1001
18, 111, 1013
18, 111, 1013
-1, 208, 1008
-66, 345, 993
-93, 484, 1040
-101, 566, 973
-124, 539, 1088
-128, 502, 1009
-161, 398, 942
-161, 398, 942
-118, 263, 972
-60, 15, 1058
-48, -257, 993
-55, -485, 929
-51, -423, 986
-56, -442, 1026
-43, -441, 1035
-,-,-
151, -118, 1011
127, -158, 1019
220, -146, 1030
226, -164, 1020
235, -181, 961
204, -169, 1040
154, -183, 972
154, -183, 972
65, -109, 964
44, 48, 969
-36, 224, 975
-65, 375, 1011
-135, 465, 950
-135, 465, 950
-134, 469, 996
-91, 443, 980
-107, 447, 1019
-155, 393, 1018
-159, 256, 945
-139, 124, 1028
-131, 1, 1004
-90, -192, 984
-90, -192, 984
-49, -199, 994
-24, -326, 1007
37, -444, 983
-35, -454, 1034
-,-,-
237, -137, 1008
116, -183, 1026
156, -176, 1042
156, -176, 1042
192, -223, 995
269, -207, 991
246, -205, 1032
164, -186, 1018
103, -70, 981
-57, 127, 973
-90, 421, 995
-90, 421, 995
-172, 586, 961
-202, 623, 991
-196, 547, 1024
-202, 461, 1010
-165, 393, 1008
-161, 261, 966
-115, 105, 1004
-92, -138, 1014
68, -218, 1012
11, -272, 1004
11, -272, 1004
18, -459, 969
-33, -528, 997
-,-,-
146, -50, 1017
170, -92, 1014
145, -137, 1025
167, -178, 1020
167, -178, 1020
202, -220, 1048
214, -244, 992
150, -204, 981
67, -109, 996
37, 38, 960
-33, 178, 984
-33, 178, 984
-78, 386, 1067
-68, 496, 940
-63, 535, 1045
-119, 548, 1025
-141, 505, 1043
-130, 399, 975
-120, 248, 947
-92, 146, 1011
-92, 146, 1011
-33, -35, 956
33, -333, 1018
-26, -546, 934
23, -592, 1067
-52, -486, 994
-,-,-
248, -196, 994
134, -195, 1045
133, -175, 1024
166, -170, 1003
199, -158, 1018
181, -220, 1004
181, -220, 1004
142, -179, 1007
123, -39, 1018
8, 53, 903
-36, 196, 945
-29, 352, 959
-58, 442, 1022
-58, 442, 1022
-121, 447, 1017
-137, 455, 1050
-173, 471, 1004
-165, 513, 1017
-177, 395, 1046
-144, 230, 1012
-125, 88, 999
-67, -235, 924
-65, -219, 965
-65, -219, 965
-12, -333, 991
26, -424, 1002
49, -373, 978
29, -376, 1013
10, -339, 1041
-,-,-
174, -117, 1022
152, -254, 1020
162, -282, 1013
155, -235, 993
192, -151, 1018
212, -109, 899
144, -19, 1003
117, 52, 1033
117, 52, 1033
106, 189, 975
135, 336, 1016
85, 341, 996
-27, 333, 1024
-90, 377, 980
-90, 377, 980
-110, 424, 1033
-120, 426, 999
-151, 416, 901
-183, 300, 932
-206, 135, 930
-179, 15, 989
-160, -229, 1012
5, -312, 931
5, -312, 931
-42, -415, 995
-74, -516, 1002
-,-,-
134, -278, 1036
120, -221, 930
181, -127, 1022
210, -89, 1019
244, -123, 995
187, -187, 1005
60, -158, 919
60, -158, 919
32, -29, 1022
35, 183, 996
25, 258, 1016
-49, 269, 1002
-106, 345, 1039
-106, 345, 1039
-154, 435, 1006
-138, 552, 1037
-159, 595, 971
-213, 484, 986
-201, 342, 1010
-72, 194, 1000
-25, -37, 981
-75, -376, 1031
32, -376, 911
32, -376, 911
-31, -433, 1038
9, -446, 1012
-30, -485, 1008
-,-,-
130, -83, 982
153, -88, 1043
153, -88, 1043
172, -129, 965
217, -183, 940
173, -215, 1009
98, -194, 914
59, -82, 972
19, 94, 964
19, 94, 964
-18, 256, 1020
-52, 351, 930
-97, 385, 959
-147, 389, 1019
-147, 389, 1019
-204, 359, 1057
-143, 403, 976
-193, 462, 1016
-108, 400, 1025
-50, 227, 938
-3, 93, 979
-20, -14, 942
-20, -14, 942
-32, -245, 1019
-33, -282, 985
-37, -359, 972
-26, -367, 988
-37, -363, 1063
-,-,-
142, -249, 982
161, -220, 1014
199, -142, 1023
226, -92, 953
226, -92, 953
142, -168, 965
129, -184, 938
97, -58, 1003
32, 115, 945
-3, 340, 907
-3, 340, 907
-58, 444, 962
-92, 473, 1021
-73, 491, 1023
-134, 496, 1030
-139, 473, 1022
-174, 418, 990
-174, 418, 990
-71, 269, 1018
-56, 73, 989
-17, -66, 1016
-95, -286, 997
-123, -294, 1008
-152, -343, 1051
-131, -388, 1004
-110, -354, 1057
-102, -310, 1122
-122, -235, 1133
-,-,-
171, -158, 1017
132, -186, 1011
132, -186, 1011
73, -238, 999
121, -206, 1073
202, -159, 943
185, -86, 1038
104, -51, 957
91, -7, 992
91, -7, 992
22, 107, 1006
30, 227, 958
-18, 398, 1001
-52, 487, 1018
-86, 521, 1023
-86, 521, 1023
-176, 492, 1045
-96, 412, 992
-102, 232, 1043
-80, 124, 939
-87, -110, 997
-114, -211, 993
-115, -344, 1019
-76, -425, 1045
-45, -431, 1006
-77, -399, 1024
-77, -399, 1024
-12, -104, 1028
-93, -184, 1065
-108, -238, 961
-122, -226, 1091
-,-,-
160, -187, 1042
106, -286, 972
42, -272, 1010
104, -224, 1008
132, -121, 1011
136, -41, 1002
81, -16, 1004
81, -16, 1004
50, 77, 1034
71, 165, 934
24, 315, 1014
49, 388, 1000
49, 388, 1000
1, 431, 979
-107, 436, 1009
-120, 454, 1032
-126, 399, 960
-131, 293, 1028
-140, 166, 935
-109, -103, 912
-150, -211, 1043
-132, -358, 949
-132, -358, 949
-177, -437, 1026
-120, -484, 1046
-,-,-
145, -155, 1032
91, -211, 1035
98, -163, 971
115, -99, 1041
182, -20, 1010
186, -26, 1012
186, -26, 1012
134, -16, 988
77, 50, 1002
24, 184, 1021
27, 327, 1028
13, 409, 997
13, 409, 997
-45, 434, 999
-84, 445, 1052
-113, 383, 966
-150, 265, 977
-192, 152, 971
-192, 152, 971
-189, 31, 1038
-122, -62, 974
-137, -306, 952
-66, -446, 1031
9, -464, 1006
15, -434, 1033
-8, -308, 1026
56, -58, 1020
56, -58, 1020
-,-,-
95, -194, 1015
101, -181, 1011
114, -142, 1011
148, -120, 1006
165, -119, 1012
157, -161, 1051
110, -150, 957
43, -62, 1020
29, 58, 926
29, 58, 926
-40, 161, 979
-32, 200, 951
-50, 278, 1039
-54, 332, 1008
-91, 344, 1007
-91, 344, 1007
-55, 340, 1043
-146, 386, 1007
-130, 425, 1040
-123, 360, 967
-99, 226, 972
-32, 124, 1044
-18, -83, 924
61, -208, 984
61, -208, 984
-18, -437, 923
39, -460, 993
-14, -435, 1029
-55, -400, 1032
-,-,-
161, -81, 1000
66, -139, 1025
96, -110, 1030
140, -122, 1030
140, -122, 1030
176, -114, 995
168, -92, 1005
181, -72, 984
157, -81, 1006
147, -84, 990
112, -38, 988
73, -8, 1001
73, -8, 1001
4, 57, 997
-111, 108, 968
-176, 143, 1014
-262, 206, 1010
-250, 259, 1049
-250, 259, 1049
-203, 238, 1012
-175, 237, 1032
-190, 372, 1047
-147, 402, 971
-93, 298, 1004
-53, 237, 983
37, 192, 961
83, -22, 1016
83, -22, 1016
102, -194, 924
35, -304, 1014
48, -388, 1000
15, -402, 1002
-,-,-
131, -130, 1011
158, -136, 1031
174, -107, 1004
188, -106, 997
159, -140, 907
148, -131, 1015
148, -131, 1015
55, -78, 959
40, 16, 929
15, 72, 907
-36, 124, 1028
-36, 124, 1028
-116, 196, 1038
-190, 295, 1014
-132, 343, 977
-215, 322, 1035
-229, 303, 1045
-241, 370, 1024
-182, 420, 950
-61, 298, 952
-20, 140, 960
-20, 140, 960
7, -119, 991
53, -174, 1013
17, -293, 879
85, -346, 1020
47, -412, 1021
-,-,-
52, -170, 990
84, -138, 1021
84, -138, 1021
85, -120, 1043
144, -76, 985
162, -75, 1029
151, -143, 986
125, -142, 985
71, -130, 1010
48, -59, 1044
48, -59, 1044
25, -14, 995
15, 93, 992
-30, 133, 907
-86, 191, 1043
-86, 191, 1043
-149, 258, 992
-113, 302, 1022
-101, 294, 1011
-147, 335, 1040
-166, 427, 1003
-145, 412, 1012
-133, 313, 1020
-20, 210, 993
-22, 96, 953
-22, 96, 953
53, -142, 1018
68, -291, 996
7, -471, 1054
76, -443, 1009
32, -402, 1028
32, -402, 1028
-12, -293, 1016
-,-,-
88, -114, 996
112, -61, 1041
112, -61, 1041
131, -73, 1006
123, -80, 1017
174, -75, 1030
147, -133, 1034
135, -114, 979
104, -116, 980
81, -77, 996
81, -77, 996
55, -58, 975
6, -12, 1013
-53, 75, 1021
-100, 189, 1023
-100, 189, 1023
-240, 338, 1022
-189, 378, 1018
-172, 395, 1022
-229, 451, 1009
-188, 509, 1011
-129, 394, 992
-105, 196, 961
-79, -158, 1018
17, -215, 960
34, -211, 972
34, -211, 972
25, -284, 976
72, -399, 990
90, -414, 1020
101, -383, 1023
-,-,-
230, -41, 1019
76, -109, 1026
145, -99, 1014
152, -72, 1040
185, -110, 1012
134, -161, 1039
113, -207, 894
48, -174, 999
48, -174, 999
18, -95, 926
-17, -18, 988
-48, 123, 966
-82, 211, 959
-82, 211, 959
-115, 365, 1007
-123, 408, 1037
-128, 361, 1023
-133, 431, 1007
-94, 473, 1051
-84, 395, 1022
-64, 214, 956
-5, 63, 992
-5, 63, 992
10, -67, 1042
19, -243, 973
-4, -300, 1005
49, -341, 1019
49, -341, 1019
33, -387, 1036
12, -393, 969
37, -330, 1032
-,-,-
314, -69, 1024
44, -203, 1000
103, -145, 1018
111, -116, 1043
202, -127, 1016
212, -161, 967
124, -162, 1039
79, -145, 962
79, -145, 962
-18, -58, 1034
-61, 77, 1011
-46, 223, 908
-91, 291, 1030
-105, 347, 1033
-104, 345, 1009
-104, 345, 1035
-105, 351, 1035
-129, 406, 1057
-133, 424, 983
-127, 351, 1009
-87, 253, 988
-35, 90, 1054
-43, -131, 910
16, -195, 960
16, -195, 960
53, -292, 963
60, -453, 995
19, -407, 1055
48, -294, 999
24, -202, 1037
0, -183, 1022
-,-,-
312, -106, 1007
61, -246, 1025
92, -160, 1010
92, -160, 1010
116, -111, 1048
151, -88, 983
219, -85, 1001
195, -126, 1004
126, -137, 1044
17, -80, 977
-36, 64, 965
-36, 64, 965
-99, 240, 968
-144, 371, 1000
-156, 397, 997
-179, 357, 1011
-184, 383, 1019
-121, 429, 1048
-122, 373, 988
-73, 245, 956
-73, 245, 956
-77, 108, 1021
-7, -2, 975
-12, -128, 1018
32, -159, 955
54, -292, 1029
54, -292, 1029
42, -274, 1002
38, -215, 958
12, -251, 1016
42, -265, 1015
19, -271, 1014
-,-,-
58, -75, 1026
161, -56, 1021
161, -56, 1021
141, -73, 1034
129, -113, 1012
194, -113, 1030
196, -149, 1012
161, -203, 997
142, -161, 981
113, -85, 993
37, 23, 975
37, 23, 975
-2, 185, 978
-49, 286, 1039
-96, 356, 1002
-157, 430, 1053
-192, 461, 1004
-192, 461, 1004
-187, 490, 950
-161, 468, 990
-92, 346, 986
-55, 149, 951
-34, -182, 974
35, -354, 943
-24, -475, 953
-24, -475, 953
27, -512, 1009
40, -495, 1044
-,-,-
105, -234, 1038
164, -204, 1012
141, -143, 1011
169, -76, 1016
125, -54, 1017
118, -86, 1022
31, -95, 973
16, -10, 1014
16, -10, 1014
-10, 93, 1007
-44, 228, 989
-126, 308, 1041
-149, 345, 1013
-150, 353, 1003
-193, 374, 1019
-192, 430, 1038
-187, 445, 1010
-187, 445, 1010
-114, 367, 890
-84, 205, 1069
57, 25, 892
94, -200, 991
69, -469, 1032
58, -501, 999
58, -501, 999
72, -464, 955
30, -393, 1030
-,-,-
283, -149, 1035
133, -176, 1007
148, -148, 1028
196, -123, 972
192, -114, 990
180, -134, 992
103, -160, 991
71, -88, 890
9, 45, 1017
9, 45, 1017
-56, 204, 888
-137, 391, 1020
-191, 487, 1009
-204, 506, 1029
-233, 480, 1053
-229, 460, 980
-229, 460, 980
-162, 412, 979
-146, 294, 1020
-55, 191, 994
-4, -114, 951
121, -358, 969
101, -662, 972
110, -627, 1001
110, -627, 1001
-,-,-
19, -118, 1121
19, -118, 1121
9, -149, 1181
85, -88, 902
175, -78, 834
183, -147, 1092
331, -181, 1030
317, -252, 1036
287, -271, 1004
287, -271, 1004
163, -259, 965
171, -120, 989
38, 110, 930
-41, 442, 995
-180, 645, 1044
-243, 713, 986
-256, 697, 981
-256, 697, 981
-193, 636, 944
-154, 490, 889
-84, 198, 1030
-46, -77, 942
-28, -357, 981
32, -481, 976
30, -481, 986
30, -521, 986
-6, -551, 981
-,-,-
10, -28, 1017
59, -54, 1020
72, -53, 979
100, -45, 938
100, -45, 938
171, -141, 990
213, -211, 1140
252, -224, 1000
246, -167, 987
122, -141, 989
53, -46, 968
53, -46, 968
-12, 95, 986
-3, 303, 1014
-51, 386, 976
-122, 433, 1040
-150, 500, 1009
-183, 532, 1024
-183, 532, 1024
-156, 410, 918
-78, 268, 944
-37, 139, 1027
22, -73, 929
17, -319, 971
25, -422, 922
25, -422, 922
24, -480, 1008
10, -452, 1015
-23, -493, 1013
-,-,-
73, -52, 1027
112, -46, 1021
112, -46, 1021
141, -86, 1018
181, -121, 1031
231, -210, 1027
244, -268, 1000
243, -281, 953
169, -185, 1045
82, -4, 991
-31, 256, 1007
-31, 256, 1007
-60, 480, 1019
-105, 538, 1022
-135, 543, 1002
-194, 579, 1040
-205, 520, 1016
-164, 333, 915
-99, 163, 1016
-37, -95, 1007
-3, -377, 882
-3, -377, 882
29, -531, 974
-22, -570, 1052
-2, -481, 1030
-,-,-
79, -140, 1162
79, -140, 1162
122, -80, 1042
119, -111, 1148
193, -155, 978
199, -162, 997
225, -141, 1030
231, -173, 1057
216, -130, 1041
157, -28, 969
40, 143, 1030
40, 143, 1030
-75, 302, 895
-135, 420, 1008
-218, 480, 1044
-269, 473, 940
-303, 424, 1013
-230, 316, 981
-155, 192, 978
-155, 192, 978
-94, 86, 907
-26, -35, 934
-13, -279, 1005
1, -256, 919
63, -313, 1025
42, -419, 1023
42, -419, 1023
36, -445, 1026
-,-,-
111, -21, 1189
115, -26, 1044
126, -65, 1027
86, -21, 1002
86, -21, 1002
182, -104, 995
218, -130, 988
225, -131, 952
313, -134, 991
342, -189, 1051
216, -256, 985
166, -204, 1046
88, -118, 933
88, -118, 933
5, 75, 974
-11, 240, 976
-107, 322, 952
-242, 367, 1011
-242, 367, 1011
-261, 372, 1003
-241, 357, 1023
-288, 371, 1031
-282, 420, 1036
-231, 346, 918
-162, 238, 951
-104, 124, 1007
-37, 111, 976
46, -57, 934
46, -57, 934
93, -281, 977
147, -362, 1015
113, -453, 1037
59, -478, 974
-,-,-
151, -18, 1001
151, -18, 1001
72, -18, 1068
200, -44, 1008
173, -113, 1019
213, -137, 1022
234, -159, 1031
303, -191, 1003
260, -193, 1016
200, -156, 1001
89, -110, 942
89, -110, 942
19, 3, 1030
-63, 124, 912
-227, 345, 964
-285, 542, 1001
-265, 546, 1038
-256, 460, 1025
-256, 460, 1025
-261, 404, 978
-304, 197, 1002
-97, 204, 980
-4, 231, 1015
-67, 42, 982
45, -359, 951
45, -359, 951
88, -370, 939
94, -456, 1033
18, -567, 997
5, -441, 1059
-,-,-
122, -80, 1024
175, -114, 1026
174, -137, 998
196, -152, 1041
184, -206, 976
138, -217, 1037
58, -159, 1020
5, -4, 996
5, -4, 996
-36, 198, 951
-56, 412, 1056
-87, 500, 1056
-110, 490, 1008
-110, 490, 1008
-174, 530, 1018
-132, 493, 963
-120, 377, 991
-61, 224, 881
-26, 87, 958
-47, -345, 948
117, -322, 997
117, -322, 997
51, -499, 952
-6, -555, 1015
-42, -505, 1024
-,-,-
201, -41, 1015
204, -149, 1014
157, -195, 1038
172, -194, 989
186, -139, 1040
209, -136, 965
111, -150, 999
44, -80, 862
44, -80, 862
33, 46, 997
-55, 216, 915
-81, 408, 984
-135, 544, 1019
-168, 561, 1056
-168, 561, 1056
-149, 501, 1031
-141, 387, 985
-110, 259, 1010
-63, 95, 929
-14, -96, 974
-19, -350, 938
49, -441, 973
49, -441, 973
12, -474, 958
10, -384, 1047
-,-,-
226, -104, 1024
141, -190, 1014
176, -192, 1025
168, -255, 1022
182, -218, 979
131, -164, 1020
101, -132, 1008
87, 3, 961
87, 3, 961
29, 150, 977
-58, 345, 949
-84, 491, 1004
-84, 491, 1038
-64, 543, 1038
-86, 510, 1019
-89, 539, 1004
-82, 461, 995
-94, 321, 993
-67, 89, 989
-67, 89, 989
-40, -94, 958
-10, -288, 1001
-64, -580, 968
-34, -577, 1025
-51, -495, 1030
-,-,-
242, -101, 1024
135, -215, 1013
168, -204, 1034
207, -200, 1023
169, -207, 1019
168, -201, 962
70, -117, 1034
70, -117, 1034
-26, 77, 1015
-44, 216, 999
-12, 385, 960
-44, 442, 1021
-91, 469, 1001
-90, 492, 1014
-90, 492, 1014
-149, 456, 1018
-86, 386, 969
-66, 213, 1054
-52, -28, 928
-34, -227, 983
-34, -362, 943
-34, -362, 943
-58, -469, 1026
-94, -448, 1020
-,-,-
141, -194, 1224
327, -137, 1026
173, -281, 1014
156, -267, 1030
157, -219, 1040
164, -189, 996
158, -103, 1025
90, 9, 1028
90, 9, 1028
14, 146, 1001
-24, 172, 1005
-78, 240, 1032
-120, 380, 999
-120, 380, 999
-159, 448, 1055
-142, 452, 1008
-160, 444, 1001
-130, 340, 1028
-118, 230, 928
-43, 70, 956
-24, -42, 1003
23, -174, 981
23, -174, 981
37, -341, 1011
31, -398, 1034
-11, -407, 1041
-,-,-
241, -165, 1024
241, -165, 1024
174, -242, 1034
151, -175, 966
159, -134, 1071
235, -123, 992
210, -129, 1008
106, -135, 1005
7, -69, 943
-22, 90, 1010
-22, 90, 1010
-114, 278, 1027
-155, 435, 1043
-136, 503, 989
-167, 470, 1015
-177, 444, 1043
-171, 365, 1035
-166, 246, 969
-77, 109, 981
-77, 109, 981
-2, -46, 1032
66, -275, 980
46, -465, 967
-35, -499, 1116
-61, -474, 1273
-92, -367, 1199
-41, -335, 1133
-,-,-
330, -174, 1038
173, -225, 1009
157, -197, 1002
157, -197, 1002
171, -220, 1022
137, -198, 1018
56, -106, 959
23, 35, 957
-44, 185, 993
-100, 381, 976
-173, 509, 1003
-173, 509, 1003
-219, 489, 1051
-237, 472, 1007
-227, 431, 1016
-168, 278, 951
-126, 119, 955
-7, -21, 1008
10, -181, 997
86, -311, 1013
76, -443, 999
76, -443, 999
-3, -470, 1055
20, -354, 1179
-39, -243, 1200
-,-,-
227, -151, 1012
216, -204, 999
200, -250, 1026
200, -250, 1026
206, -251, 1019
210, -213, 1027
171, -187, 971
71, -65, 969
-11, 81, 958
-49, 258, 971
-99, 484, 1026
-99, 484, 1026
-83, 607, 983
-139, 592, 1050
-162, 600, 970
-155, 530, 977
-110, 366, 982
-71, 114, 968
-72, -228, 975
-72, -228, 975
-21, -360, 889
-52, -562, 1040
-51, -564, 1020
-78, -523, 1041
-,-,-
176, -58, 1030
96, -226, 1018
135, -197, 1036
134, -186, 968
205, -122, 1013
226, -162, 1029
185, -234, 1026
110, -207, 990
110, -207, 990
72, -101, 999
-5, 79, 956
-6, 273, 1011
-88, 440, 949
-88, 440, 949
-135, 532, 1014
-190, 510, 1022
-192, 535, 1034
-147, 541, 1035
-92, 394, 972
-83, 254, 1020
-30, 86, 913
2, -155, 1009
2, -155, 1009
-11, -331, 1015
-14, -339, 978
-35, -481, 971
-49, -538, 1035
-61, -391, 1014
-117, -279, 1039
-,-,-
249, -261, 1018
192, -219, 1006
222, -149, 1054
250, -176, 987
250, -176, 987
266, -217, 984
224, -257, 1025
172, -175, 862
92, -122, 992
-18, 68, 967
-60, 262, 988
-60, 262, 988
-113, 457, 997
-187, 590, 983
-223, 585, 1038
-227, 503, 1004
-220, 474, 1041
-191, 410, 1001
-165, 240, 972
-101, 77, 936
-101, 77, 936
-33, 3, 1024
22, -95, 1004
21, -256, 962
21, -320, 1042
-28, -456, 1027
-28, -456, 1027
-34, -465, 1021
-,-,-
190, -124, 995
199, -101, 1061
260, -115, 999
241, -162, 938
241, -162, 938
250, -108, 922
237, -104, 1052
135, -101, 966
14, -31, 956
-60, 119, 1000
-146, 267, 963
-275, 477, 1026
-275, 477, 1026
-359, 586, 1035
-337, 587, 1019
-337, 420, 1028
-247, 330, 982
-210, 244, 974
-160, 11, 957
-74, -35, 1004
16, -195, 879
84, -389, 1013
84, -389, 1013
155, -471, 1002
131, -501, 983
58, -395, 1022
-,-,-
201, -193, 1036
122, -167, 1000
93, -143, 953
109, -124, 980
169, -105, 1009
126, -77, 963
62, 4, 1001
62, 4, 1001
-73, 233, 944
-148, 445, 1014
-112, 563, 1037
-101, 511, 1007
-156, 508, 1051
-154, 458, 1003
-98, 345, 889
-98, 345, 889
-85, 182, 961
-44, 41, 1032
-25, -142, 1006
51, -273, 978
42, -395, 1003
18, -432, 917
18, -432, 917
1, -482, 1007
-,-,-
172, -146, 975
172, -146, 975
172, -133, 1022
201, -110, 1007
98, -141, 968
4, -38, 1037
-83, 148, 959
-128, 361, 1030
-156, 490, 939
-156, 490, 939
-165, 486, 1066
-188, 454, 973
-206, 422, 1024
-178, 332, 975
-111, 214, 995
-64, 0, 968
11, -183, 995
11, -183, 995
51, -402, 968
84, -448, 1019
60, -414, 1031
34, -377, 997
-,-,-
237, -233, 1023
269, -249, 1024
237, -230, 1006
201, -256, 996
156, -206, 990
156, -206, 990
30, -76, 996
-61, 185, 1043
-77, 457, 982
-109, 598, 1035
-164, 593, 1030
-206, 589, 1029
-250, 581, 950
-250, 581, 950
-203, 440, 972
-162, 189, 997
-106, -143, 998
-57, -411, 988
9, -439, 1000
-35, -549, 1029
-,-,-
218, -169, 1008
237, -170, 983
248, -205, 955
248, -205, 955
233, -156, 1040
122, -91, 1003
37, 85, 971
-87, 279, 946
-134, 430, 1030
-198, 555, 976
-228, 590, 1038
-228, 590, 1038
-229, 572, 1020
-223, 437, 1012
-160, 281, 978
-164, 141, 997
-86, 24, 1019
-19, -218, 945
37, -419, 998
-18, -525, 1036
-46, -547, 1156
-,-,-
235, -140, 1011
220, -247, 1022
306, -178, 982
214, -234, 1015
234, -192, 983
62, -160, 982
62, -160, 982
-20, -41, 989
-64, 105, 952
-45, 325, 972
-41, 483, 1019
-147, 557, 1024
-201, 508, 1032
-201, 508, 1032
-233, 423, 1006
-196, 338, 1026
-220, 267, 1016
-218, 176, 967
-182, 85, 1006
-130, -24, 1071
-44, -136, 899
58, -214, 973
79, -308, 1016
65, -405, 922
65, -405, 922
67, -389, 1051
-,-,-
266, -242, 1018
206, -226, 998
206, -226, 998
238, -188, 985
230, -192, 1014
181, -131, 1001
59, -70, 936
-58, 160, 955
-41, 419, 932
-41, 419, 932
-33, 612, 937
-149, 643, 1018
-274, 604, 977
-281, 556, 1042
-222, 371, 984
-130, 118, 946
-52, -119, 1001
-82, -470, 990
-82, -470, 990
-58, -491, 988
-51, -471, 992
-99, -554, 1272
-176, -548, 1092
-,-,-
225, -113, 982
437, -187, 1027
280, -223, 982
252, -186, 1009
218, -194, 1025
245, -240, 909
152, -170, 1007
3, 20, 970
3, 20, 970
-68, 268, 895
-56, 496, 1004
-90, 618, 983
-185, 648, 1046
-239, 594, 957
-239, 594, 957
-225, 461, 1001
-201, 257, 901
-163, 139, 949
-106, 8, 1023
-43, -284, 1020
-37, -456, 1018
-10, -590, 1028
-36, -657, 1086
-10, -460, 1081
-,-,-
343, -162, 990
189, -128, 1054
204, -121, 1042
245, -112, 995
222, -146, 1023
177, -229, 975
85, -193, 978
85, -193, 978
63, 19, 992
48, 295, 972
-63, 463, 1023
-109, 535, 1042
-190, 447, 998
-190, 447, 998
-220, 392, 1032
-278, 381, 970
-272, 326, 975
-286, 82, 978
-186, -183, 950
-79, -214, 953
17, -344, 997
17, -344, 997
-17, -484, 1001
36, -459, 1149
-,-,-
157, -190, 1024
141, -142, 999
141, -142, 999
105, -121, 1027
143, -62, 978
147, -36, 950
92, -30, 950
110, 30, 1045
91, 181, 949
91, 181, 949
37, 289, 999
-75, 367, 1037
-98, 375, 1003
-127, 334, 1020
-139, 294, 1002
-139, 294, 1002
-155, 266, 1006
-187, 196, 1034
-238, 91, 977
-250, -48, 1010
-153, -97, 989
-89, -224, 923
-11, -192, 1020
-44, -307, 1015
2, -252, 988
2, -252, 988
-,-,-
119, -87, 1015
99, -128, 1024
176, -134, 1035
194, -209, 975
188, -287, 1057
141, -277, 963
81, -209, 1013
56, -39, 918
56, -39, 918
50, 137, 1028
19, 419, 998
-29, 548, 1011
-101, 574, 1010
-179, 593, 1008
-179, 593, 1008
-217, 616, 1031
-166, 492, 958
-87, 271, 993
-61, 51, 969
-5, -149, 1004
14, -448, 899
0, -497, 1006
0, -497, 1006
-10, -527, 993
-26, -447, 1042
-,-,-
184, -44, 1020
184, -44, 1020
189, -88, 1027
192, -117, 1020
220, -148, 1015
257, -128, 1046
237, -139, 985
236, -142, 1010
201, -134, 1016
98, -63, 994
-34, 29, 950
-34, 29, 950
-161, 172, 1026
-170, 314, 951
-273, 358, 1033
-265, 329, 1032
-277, 257, 1034
-249, 307, 1039
-206, 361, 1002
-191, 354, 989
-191, 354, 989
-99, 315, 994
-101, 58, 883
49, -110, 1019
-1, -424, 991
148, -480, 987
130, -523, 1047
130, -523, 1047
-,-,-
53, -49, 1018
53, -49, 1018
137, -88, 1023
183, -107, 1024
242, -116, 1013
194, -153, 1052
207, -153, 1019
251, -163, 1003
194, -154, 977
107, -78, 1022
70, -8, 1033
70, -8, 1033
29, -3, 1002
6, 29, 947
6, 29, 947
-108, 117, 967
-177, 211, 991
-208, 226, 1011
-203, 186, 1028
-205, 170, 1032
-108, 206, 1023
-137, 231, 1027
-132, 324, 1020
-160, 350, 1035
-160, 350, 1035
-165, 250, 1039
-160, 202, 998
-74, 241, 985
23, 172, 959
85, -20, 992
42, -307, 976
42, -307, 976
124, -351, 940
117, -419, 1028
79, -372, 1037
-,-,-
111, -192, 1002
138, -88, 1037
138, -88, 1037
175, -70, 1000
210, -53, 951
229, -47, 1018
149, -71, 1014
85, -147, 945
88, -115, 999
88, -115, 999
76, -53, 1025
34, 42, 980
-77, 145, 1024
-178, 282, 958
-198, 292, 972
-198, 292, 972
-176, 303, 1041
-149, 266, 1011
-145, 320, 1018
-168, 355, 1053
-142, 346, 985
-162, 220, 1049
-121, 166, 911
-95, 116, 966
2, -12, 981
2, -12, 981
49, -166, 855
53, -278, 968
98, -352, 1032
20, -531, 988
20, -531, 988
36, -429, 1037
-,-,-
101, -77, 1024
219, -38, 1022
204, -177, 1016
204, -228, 1044
216, -189, 1006
215, -168, 1024
175, -151, 978
111, -120, 984
111, -120, 984
71, -43, 941
45, 60, 1031
-17, 197, 991
-84, 382, 997
-158, 505, 1023
-158, 505, 1023
-146, 489, 1008
-163, 421, 997
-160, 415, 990
-193, 344, 970
-183, 248, 988
-148, 141, 965
-43, -8, 1014
-5, -301, 990
-5, -301, 990
-5, -406, 920
14, -449, 949
-,-,-
157, -126, 1044
212, -120, 986
243, -211, 943
206, -189, 985
98, -91, 1018
26, 7, 953
26, 7, 953
-48, 120, 987
-94, 233, 957
-179, 321, 1039
-207, 370, 977
-207, 370, 977
-246, 375, 1055
-217, 350, 1000
-221, 384, 1018
-135, 325, 1015
-153, 170, 1022
-158, 109, 1006
-106, 9, 1023
-17, -53, 998
52, -183, 1022
52, -183, 1022
87, -271, 924
77, -393, 1041
56, -398, 1021
55, -305, 1036
-,-,-
213, -117, 1013
213, -117, 1013
250, -103, 1013
171, -147, 1010
175, -178, 1018
130, -210, 989
110, -160, 989
115, -32, 959
28, 99, 967
-106, 311, 1028
-106, 311, 1028
-189, 432, 962
-250, 437, 1032
-206, 436, 1040
-211, 457, 994
-182, 447, 962
-105, 332, 934
-106, 110, 1014
-63, -48, 997
44, -294, 948
44, -294, 948
64, -367, 1004
76, -549, 990
-,-,-
107, -57, 1008
214, -146, 1030
254, -135, 1016
249, -150, 1028
242, -178, 1003
228, -209, 1023
152, -209, 1001
98, -126, 961
98, -126, 961
33, 7, 1000
-67, 212, 940
-109, 476, 1004
-139, 546, 1012
-188, 481, 1040
-248, 452, 959
-248, 452, 959
-276, 436, 1003
-206, 335, 1040
-168, 168, 948
-104, 33, 1010
-66, -209, 994
62, -247, 977
72, -401, 973
72, -401, 973
25, -505, 981
-,-,-
177, -80, 1021
183, -125, 1043
202, -175, 1001
118, -185, 1001
38, -149, 971
11, -78, 1011
0, 18, 968
0, 18, 968
7, 151, 993
-61, 256, 1020
-109, 325, 1022
-133, 347, 1033
-136, 375, 1004
-159, 399, 1054
-159, 399, 1054
-162, 402, 1034
-155, 306, 959
-139, 221, 985
-125, 131, 1034
13, 11, 980
53, -235, 910
95, -398, 966
95, -398, 966
83, -512, 990
37, -505, 1039
-,-,-
141, -92, 1010
193, -132, 1008
177, -150, 1044
164, -191, 998
164, -191, 998
175, -197, 1009
126, -180, 1043
116, -87, 1011
28, 2, 895
-17, 149, 1013
-69, 239, 953
-69, 239, 953
-113, 346, 1033
-132, 402, 1003
-181, 392, 1026
-155, 460, 1029
-135, 436, 982
-92, 305, 950
-109, 175, 1010
-60, 71, 951
-60, 71, 951
-40, -218, 976
56, -247, 1014
18, -386, 986
-1, -586, 1042
7, -563, 1012
74, -191, 1024
-,-,-
62, -54, 1022
233, -138, 1027
206, -122, 999
208, -138, 1036
179, -169, 1023
216, -207, 992
168, -185, 1036
79, -82, 962
79, -82, 962
12, 3, 1005
-44, 161, 1023
-124, 335, 929
-193, 449, 986
-193, 449, 986
-189, 455, 1053
-199, 472, 1014
-198, 521, 993
-153, 398, 1011
-69, 287, 909
-47, 104, 1027
-6, -204, 999
41, -454, 936
41, -454, 936
47, -507, 987
-58, -634, 973
-,-,-
142, -125, 997
177, -124, 1022
177, -124, 1022
168, -115, 1021
149, -116, 966
194, -115, 982
148, -70, 1029
51, -8, 956
-14, 64, 998
-14, 64, 998
-75, 147, 991
-112, 241, 944
-143, 383, 1049
-165, 412, 1021
-182, 424, 1004
-144, 454, 1023
-123, 367, 920
-128, 237, 957
-128, 237, 957
-102, 86, 1002
-52, -132, 966
13, -280, 977
61, -422, 986
9, -609, 1049
72, -555, 1017
72, -555, 1017
-,-,-
174, -173, 939
204, -148, 1032
195, -126, 1021
182, -139, 982
137, -114, 1058
137, -114, 1058
19, -51, 955
-30, 98, 1037
-82, 237, 1030
-145, 371, 972
-192, 472, 998
-215, 451, 1008
-231, 423, 1045
-155, 321, 940
-155, 321, 940
-109, 201, 1027
-87, 97, 926
-27, -44, 959
6, -234, 954
41, -229, 1037
41, -229, 1037
46, -234, 957
39, -279, 1058
27, -316, 994
17, -325, 1004
-,-,-
127, -81, 992
66, -53, 1043
124, -87, 1028
152, -77, 1030
152, -77, 1030
147, -105, 1020
116, -125, 993
96, -130, 885
43, -110, 1010
5, -63, 949
-48, 86, 985
-48, 86, 985
-90, 241, 1031
-109, 347, 1045
-80, 397, 1009
-111, 452, 1020
-133, 498, 977
-134, 394, 982
-158, 213, 1018
-158, 213, 1018
-95, 45, 974
-69, -186, 967
83, -228, 989
65, -408, 1010
26, -476, 996
-,-,-
224, -160, 998
134, -113, 1040
166, -106, 1013
165, -48, 1016
185, -51, 1044
168, -59, 1009
168, -59, 1009
30, -102, 999
-2, -61, 1037
-29, 50, 983
-98, 219, 1003
-178, 372, 1022
-145, 376, 1041
-145, 376, 1041
-124, 357, 1011
-132, 344, 1030
-158, 302, 1008
-139, 249, 1004
-156, 138, 1034
-89, 13, 1002
-47, -127, 961
56, -140, 1028
111, -287, 963
94, -450, 1040
94, -450, 1040
45, -487, 1029
-,-,-
92, -61, 1029
213, -104, 1011
136, -122, 1013
177, -97, 1026
156, -121, 1020
224, -151, 1012
174, -189, 1007
142, -170, 1020
49, -105, 1023
3, -5, 950
3, -5, 950
-59, 123, 1055
-140, 295, 992
-160, 434, 1040
-191, 464, 1024
-187, 428, 1047
-208, 413, 1015
-208, 413, 1015
-169, 349, 987
-164, 237, 928
-96, 122, 1014
32, -67, 1005
53, -331, 953
45, -390, 1003
-,-,-
61, -96, 1025
103, -83, 1008
158, -92, 1021
215, -111, 1031
184, -133, 1028
150, -170, 986
70, -184, 1016
59, -121, 993
59, -121, 993
-22, -19, 962
-64, 101, 1034
-116, 278, 1010
-155, 381, 1038
-134, 393, 1022
-130, 406, 1036
-141, 440, 1027
-87, 372, 962
-87, 372, 962
-103, 295, 1030
-89, 166, 979
-35, -40, 957
9, -160, 965
29, -310, 1021
29, -310, 1021
-28, -558, 989
19, -599, 1002
-,-,-
134, -176, 1010
133, -163, 1019
180, -144, 1021
177, -192, 1016
177, -192, 1016
192, -239, 904
154, -156, 1010
84, -12, 1011
-36, 138, 991
-98, 275, 972
-85, 414, 1004
-118, 465, 1038
-164, 431, 1035
-164, 431, 1035
-182, 429, 1009
-193, 431, 1020
-141, 285, 983
-102, 166, 980
-15, -20, 1039
-15, -299, 853
56, -360, 1013
12, -400, 1009
39, -312, 978
-,-,-
211, -51, 1018
211, -51, 1018
170, -126, 1025
186, -154, 1005
205, -187, 1007
183, -183, 1054
172, -167, 972
83, -80, 1025
-13, 60, 1001
-110, 234, 998
-43, 377, 967
-43, 377, 967
-82, 406, 1033
-156, 344, 1027
-202, 366, 1016
-228, 346, 1038
-188, 269, 995
-112, 162, 1055
-82, 44, 940
-82, 44, 940
-17, -95, 1003
116, -134, 978
72, -344, 1001
15, -418, 997
-,-,-
55, -131, 1018
143, -130, 1015
185, -108, 1009
189, -138, 1041
198, -126, 982
152, -155, 1024
33, -141, 1016
-13, -56, 1014
-13, -56, 1014
-55, 95, 968
-123, 260, 982
-159, 346, 1014
-155, 386, 1037
-187, 393, 1013
-201, 434, 1046
-112, 418, 989
-107, 278, 996
-119, 126, 934
-119, 126, 934
-49, -65, 885
76, -145, 1054
115, -397, 1018
102, -475, 895
76, -462, 1030
-,-,-
244, -124, 1013
113, -156, 1031
142, -117, 1017
184, -112, 987
168, -124, 1063
140, -160, 1019
140, -160, 1019
61, -143, 1016
-36, -38, 1018
-58, 148, 983
-119, 306, 1023
-149, 415, 1029
-146, 378, 1025
-181, 416, 1010
-119, 471, 1036
-110, 377, 1035
-125, 212, 991
-87, 74, 996
-87, 74, 996
-32, -153, 977
66, -207, 1027
66, -366, 970
85, -461, 950
85, -461, 950
87, -432, 1038
-,-,-
307, -108, 1001
108, -183, 1031
160, -169, 1003
174, -169, 1033
174, -161, 1033
186, -125, 1014
128, -97, 1031
62, -82, 971
-39, 14, 1031
-87, 107, 1004
-140, 254, 1030
-155, 359, 1004
-177, 384, 1032
-177, 384, 1032
-192, 373, 1036
-156, 412, 983
-115, 344, 1025
-82, 266, 1013
-81, 157, 986
-24, -22, 993
25, -183, 989
84, -309, 1018
84, -309, 1018
37, -458, 1014
50, -452, 999
-,-,-
232, -146, 1016
136, -227, 1009
151, -215, 1014
151, -215, 1014
135, -198, 1015
142, -147, 1015
154, -98, 993
44, -16, 992
8, 119, 911
-45, 245, 1030
-45, 245, 1030
-53, 352, 1018
-111, 462, 984
-180, 493, 1011
-235, 509, 1018
-165, 477, 972
-112, 320, 975
-71, 158, 1023
-69, -16, 970
-69, -16, 970
26, -175, 924
43, -346, 986
53, -500, 987
51, -548, 1012
-,-,-
165, -121, 1015
165, -121, 1015
186, -135, 1011
149, -120, 1028
187, -113, 949
199, -124, 980
153, -152, 1005
87, -118, 983
22, -39, 981
-92, 82, 1079
-92, 82, 1079
-112, 232, 991
-127, 373, 981
-135, 432, 1039
-165, 395, 1025
-201, 412, 1034
-180, 427, 1046
-163, 361, 970
-63, 213, 976
-63, 213, 976
-38, -7, 940
14, -184, 862
50, -314, 1039
76, -391, 1024
51, -476, 1035
-,-,-
168, -55, 1024
186, -170, 1006
198, -202, 1007
201, -172, 1030
178, -159, 999
138, -167, 989
58, -135, 1011
-21, -23, 989
-81, 154, 1015
-81, 154, 1015
-120, 318, 1005
-145, 425, 1010
-160, 406, 1034
-184, 391, 1016
-100, 412, 1062
-78, 381, 986
-83, 334, 1000
-71, 192, 1047
-34, -1, 994
-34, -1, 994
24, -194, 965
113, -312, 1034
90, -528, 980
63, -557, 1024
-,-,-
129, -143, 1023
166, -143, 1014
177, -155, 1017
188, -186, 1010
187, -183, 998
91, -157, 1048
36, -78, 1030
-64, 58, 1025
-64, 58, 1025
-113, 206, 977
-132, 343, 1005
-148, 419, 1037
-138, 414, 1036
-174, 445, 1006
-115, 459, 1010
-124, 340, 999
-111, 207, 991
-70, 49, 978
-70, 49, 978
-35, -145, 905
54, -173, 1009
56, -367, 1020
37, -444, 989
-,-,-
225, -165, 1029
106, -248, 1021
127, -188, 1038
185, -122, 977
127, -108, 1044
82, -127, 1004
-29, -18, 1026
-55, 130, 949
-55, 130, 1019
-110, 318, 1019
-62, 455, 1031
-41, 440, 1023
-55, 433, 1007
-103, 442, 1056
-104, 381, 893
-85, 293, 1015
-85, 167, 1024
-19, -31, 1018
-19, -31, 1018
10, -271, 992
4, -452, 1009
-,-,-
142, -203, 1011
149, -192, 1044
177, -175, 1007
187, -171, 1023
156, -206, 1020
101, -187, 1016
34, -75, 1021
-28, 71, 1009
-27, 218, 1017
-27, 218, 1017
-100, 345, 1008
-137, 408, 1033
-96, 394, 1035
-122, 371, 1021
-144, 403, 1018
-141, 410, 1018
-133, 347, 988
-121, 210, 970
-41, 6, 1030
-41, 6, 1030
73, -225, 968
84, -359, 991
81, -528, 999
34, -538, 1028
-,-,-
125, -128, 1021
166, -114, 995
156, -130, 1069
167, -156, 974
140, -143, 1015
84, -145, 994
26, -82, 1055
26, -82, 1055
-16, 8, 949
-22, 171, 1015
-78, 346, 1012
-103, 436, 1022
-153, 419, 1016
-160, 417, 1047
-113, 412, 965
-113, 412, 965
-70, 336, 1006
-66, 190, 1040
-42, -4, 1005
17, -181, 1019
30, -335, 980
35, -385, 1029
35, -385, 1029
-,-,-
110, -172, 1002
170, -200, 1011
197, -167, 1001
185, -159, 1005
88, -153, 1019
83, -121, 970
83, -121, 970
9, -40, 1018
-4, 110, 1025
-82, 314, 981
-172, 446, 1038
-182, 441, 1024
-182, 441, 1024
-196, 408, 1015
-156, 458, 1031
-109, 391, 1035
-100, 300, 1019
-87, 167, 853
-63, -13, 988
28, -94, 974
38, -294, 986
38, -294, 986
52, -445, 1000
51, -496, 1039
-,-,-
153, -161, 1006
180, -246, 991
101, -218, 1037
50, -139, 1016
50, -139, 1016
42, 0, 974
-22, 173, 989
-59, 329, 958
-112, 425, 1036
-124, 426, 1027
-124, 426, 1027
-123, 470, 1024
-142, 557, 1011
-82, 462, 1019
-92, 355, 971
-76, 198, 961
-4, -12, 983
-5, -230, 985
-5, -230, 985
70, -297, 951
62, -501, 975
-,-,-
186, -127, 1026
116, -192, 1008
158, -192, 995
140, -195, 1021
167, -144, 1049
138, -128, 984
73, -118, 1002
-12, -48, 1028
-12, 32, 962
-12, 32, 962
-31, 216, 1054
-41, 321, 1021
-95, 377, 999
-137, 402, 1027
-143, 432, 1024
-127, 450, 1008
-103, 391, 1039
-103, 391, 1039
-57, 290, 922
-83, 176, 1023
-22, -4, 958
-15, -145, 952
-16, -362, 1025
-69, -699, 1036
-43, -597, 1017
-,-,-
95, -157, 1007
101, -206, 1029
121, -224, 1037
144, -261, 1009
144, -261, 1009
127, -214, 992
60, -124, 1014
12, 50, 1025
14, 218, 1048
5, 377, 980
15, 482, 1037
15, 482, 1037
-2, 445, 1017
-30, 456, 1029
-56, 448, 1001
-10, 402, 996
-5, 270, 959
-5, 270, 959
-42, 126, 1014
-79, -54, 957
-61, -139, 1011
-65, -279, 960
-73, -402, 1040
-83, -467, 1149
-105, -475, 935
-,-,-
86, -165, 1013
86, -165, 1013
91, -191, 1021
117, -210, 1014
126, -211, 1022
103, -185, 979
48, -92, 965
11, 123, 937
11, 123, 937
2, 292, 1055
-6, 389, 1007
-6, 397, 1019
-48, 343, 1045
-42, 402, 1027
-42, 402, 1027
-51, 404, 981
-91, 312, 991
-114, 206, 995
-70, 58, 1019
-4, -105, 859
-4, -105, 859
43, -276, 1010
21, -397, 991
-3, -461, 1039
0, -457, 1022
-,-,-
79, -136, 993
117, -161, 1034
141, -153, 1043
128, -185, 1011
130, -148, 946
93, -56, 1044
93, -56, 1044
48, 82, 1043
10, 192, 991
-30, 248, 1011
-50, 279, 997
-95, 279, 1023
-95, 299, 1023
-67, 411, 1038
-105, 499, 1003
-67, 400, 1046
-65, 208, 968
-55, 73, 1031
23, -11, 1016
23, -11, 1016
71, -189, 939
54, -388, 1008
27, -490, 984
-,-,-
145, -211, 1027
96, -192, 1002
119, -205, 1024
119, -205, 1024
104, -200, 1043
156, -137, 999
107, -29, 965
1, 60, 1038
-22, 167, 1000
-67, 258, 1037
-68, 338, 1000
-68, 338, 1000
-43, 381, 1053
-74, 385, 1009
-68, 419, 1013
-76, 369, 1012
-74, 269, 1019
-70, 178, 1036
-44, 76, 984
-44, 76, 984
-5, -63, 1022
15, -240, 1000
-1, -399, 1004
-21, -453, 1044
-53, -428, 1146
-88, -393, 1087
-,-,-
153, -129, 990
149, -141, 1052
129, -142, 977
149, -180, 983
161, -161, 1012
142, -135, 963
142, -135, 963
78, -69, 988
1, 36, 992
-53, 172, 1011
-109, 314, 985
-172, 441, 1031
-172, 441, 1031
-138, 405, 1008
-141, 320, 1020
-178, 319, 1031
-183, 334, 1017
-162, 271, 1008
-173, 133, 942
-108, 43, 956
61, -5, 1046
38, -168, 1017
38, -168, 1017
47, -278, 977
-,-,-
95, -101, 1030
155, -125, 1003
118, -144, 1050
149, -154, 1004
131, -130, 999
102, -112, 1015
37, 0, 1016
37, 0, 1016
-18, 73, 1021
-56, 143, 1035
-65, 252, 1004
-84, 296, 1019
-93, 332, 1027
-102, 392, 1022
-102, 392, 1022
-64, 412, 1017
-33, 285, 1046
-24, 188, 994
-8, 96, 1004
-1, -50, 1025
-24, -136, 995
-24, -136, 995
3, -234, 1048
-2, -331, 982
-43, -339, 1070
-40, -332, 1113
-,-,-
72, -92, 1023
85, -72, 1014
95, -71, 1023
172, -99, 1006
177, -123, 1048
216, -153, 927
140, -180, 1051
135, -130, 1001
135, -130, 1001
96, -86, 992
66, -56, 993
69, -4, 1005
-25, 73, 1029
-70, 131, 980
-70, 131, 980
-159, 160, 982
-203, 243, 1036
-215, 313, 1025
-192, 328, 1022
-201, 325, 1033
-147, 381, 1045
-140, 347, 983
-120, 259, 1021
-99, 235, 1024
-99, 235, 1024
-17, 157, 971
71, 38, 975
50, -167, 930
76, -251, 998
56, -419, 1040
56, -419, 1040
51, -470, 1009
-,-,-
102, -77, 1017
153, -131, 1022
174, -144, 1029
140, -143, 1023
140, -143, 1023
176, -143, 1027
173, -133, 1055
156, -154, 966
119, -126, 994
68, -20, 1013
43, 28, 988
33, 116, 1014
33, 116, 1014
-62, 212, 1019
-130, 281, 973
-179, 301, 989
-220, 304, 1050
-222, 319, 1022
-214, 341, 1011
-173, 335, 1021
-129, 265, 1050
-111, 198, 1002
-96, 145, 918
-96, 145, 918
-11, 79, 1029
100, -68, 1034
82, -288, 961
53, -450, 990
43, -449, 1008
43, -449, 1008
-26, -438, 1108
-,-,-
120, -62, 1034
88, -108, 1007
188, -114, 1015
177, -132, 1033
174, -161, 1023
170, -142, 1031
96, -106, 1015
66, -98, 986
66, -98, 986
76, -52, 923
36, 2, 1013
-25, 72, 967
-25, 72, 967
-75, 188, 973
-114, 298, 1014
-115, 365, 1006
-109, 348, 1023
-118, 357, 1026
-86, 359, 974
-86, 359, 974
-67, 321, 1044
-87, 208, 971
-78, 103, 978
-8, -1, 989
45, -179, 983
45, -179, 983
20, -329, 1011
29, -406, 1014
11, -374, 1035
-16, -332, 1016
-45, -356, 1034
-,-,-
65, -64, 1024
137, -87, 1018
140, -113, 1011
118, -138, 1047
156, -163, 1018
126, -120, 1032
126, -120, 1032
104, -102, 991
117, -56, 996
77, -34, 902
38, -3, 953
-16, 99, 1051
-16, 99, 1051
-59, 250, 1020
-156, 310, 982
-166, 341, 1046
-203, 367, 995
-209, 418, 1046
-164, 413, 1003
-182, 279, 958
-179, 148, 977
-179, 148, 977
-114, 24, 953
-50, -114, 1022
36, -198, 860
-,-,-
50, 20, 1022
105, -96, 1022
134, -106, 1023
130, -130, 1020
134, -135, 1013
157, -133, 1032
165, -180, 1007
170, -192, 1017
165, -143, 976
91, -137, 995
91, -137, 995
43, -49, 999
-20, 59, 956
-92, 197, 1011
-181, 338, 1016
-176, 401, 1025
-176, 401, 1025
-157, 360, 1041
-145, 345, 1038
-169, 384, 989
-152, 371, 1061
-147, 285, 925
-128, 214, 969
-36, 113, 1004
11, -22, 1005
56, -138, 1001
56, -138, 1001
100, -290, 973
63, -452, 993
-,-,-
66, -47, 1025
98, -87, 1015
129, -116, 1021
109, -148, 1029
169, -182, 1017
175, -220, 1051
166, -222, 969
81, -187, 1029
8, -127, 998
8, -127, 998
-2, 27, 974
-20, 178, 981
-21, 315, 953
-21, 315, 953
-68, 440, 1018
-93, 453, 1039
-83, 416, 1006
-53, 422, 1007
-45, 410, 1007
-31, 307, 1018
-73, 220, 900
-73, 220, 900
-70, 97, 1001
-60, -63, 989
0, -234, 1046
-2, -361, 982
-2, -361, 982
12, -527, 1004
-,-,-
106, -56, 1005
95, -118, 1045
91, -133, 1024
96, -113, 1004
131, -138, 1040
160, -138, 1016
160, -138, 1016
152, -159, 1034
91, -128, 999
30, -92, 996
-20, 5, 1013
-42, 112, 996
-53, 194, 978
-53, 194, 978
-66, 260, 1010
-31, 293, 1018
-5, 307, 1014
-40, 301, 1034
-32, 315, 987
-77, 327, 1024
-77, 327, 1024
-50, 315, 1042
-38, 244, 914
-24, 131, 996
0, 36, 990
0, 36, 990
30, -109, 1022
28, -277, 909
-22, -373, 1008
-49, -399, 981
-107, -429, 1020
-,-,-
78, 6, 1024
102, -47, 1019
138, -116, 1023
157, -147, 1028
172, -177, 1035
184, -195, 989
165, -186, 976
165, -186, 976
118, -143, 1003
99, -102, 967
5, -42, 960
-36, 37, 968
-78, 166, 1034
-78, 166, 1034
-102, 294, 945
-138, 357, 1040
-171, 335, 1022
-136, 331, 1051
-129, 360, 972
-124, 351, 1035
-92, 257, 991
-68, 167, 926
-68, 167, 926
-41, 55, 956
-16, -82, 899
3, -183, 1007
11, -253, 1025
56, -259, 984
56, -259, 984
17, -387, 953
52, -334, 1039
-,-,-
159, -108, 1037
45, -138, 992
74, -166, 1026
91, -205, 1027
125, -200, 1026
112, -156, 1043
93, -155, 938
93, -155, 938
67, -47, 1036
35, 49, 993
37, 181, 1027
40, 263, 1031
40, 263, 1031
31, 350, 1013
2, 356, 1019
-3, 346, 1007
-41, 325, 1018
-41, 325, 1018
-5, 335, 1030
-53, 339, 964
-52, 286, 948
-51, 155, 969
-54, 30, 955
-54, 30, 955
-70, -180, 992
-20, -249, 976
-96, -411, 942
-156, -554, 1021
-132, -522, 1304
-147, -324, 1175
-,-,-
75, -176, 1002
60, -181, 1038
60, -181, 1038
89, -144, 1037
165, -113, 976
125, -77, 1018
72, -80, 1024
15, -16, 1009
-2, 79, 1035
-2, 79, 1035
-15, 178, 990
-41, 285, 1024
-94, 357, 1045
-85, 358, 1021
-82, 364, 1026
-82, 364, 1026
-78, 377, 1036
-74, 331, 1035
-75, 223, 970
-56, 39, 1004
-31, -141, 990
-1, -282, 971
-1, -282, 971
20, -354, 993
13, -355, 1025
-,-,-
111, -181, 990
106, -185, 1040
128, -213, 1027
146, -171, 990
120, -125, 1067
115, -95, 970
115, -95, 970
63, -2, 1004
49, 115, 970
-16, 237, 983
-12, 351, 1018
27, 414, 1033
27, 414, 1033
-31, 401, 1028
-62, 397, 981
-80, 400, 966
-101, 384, 984
-69, 304, 986
-69, 304, 986
-51, 174, 999
-13, -46, 994
-15, -311, 1017
-18, -511, 973
-71, -470, 1040
-,-,-
137, -191, 1011
174, -170, 1021
191, -166, 1010
191, -166, 1010
149, -169, 1032
131, -123, 1006
67, 11, 1016
-12, 113, 1033
-60, 224, 967
-95, 302, 1057
-97, 339, 1008
-143, 360, 1030
-143, 360, 1030
-131, 356, 1035
-118, 324, 988
-86, 285, 1047
-77, 223, 990
-45, 117, 959
-31, -22, 992
-3, -144, 990
-3, -144, 990
16, -331, 959
18, -418, 1007
22, -362, 1033
-,-,-
78, -92, 1026
131, -131, 1012
125, -184, 1024
115, -156, 1042
148, -149, 990
133, -137, 1008
106, -162, 954
48, -107, 1015
45, -16, 1030
45, -16, 1030
-27, 78, 1009
-43, 197, 985
-79, 356, 1031
-68, 410, 1027
-34, 356, 1013
-34, 356, 1013
-20, 378, 1046
-39, 405, 983
-21, 356, 1035
-28, 228, 980
-33, 128, 962
-38, 26, 1038
-38, 26, 1038
-71, -107, 1021
-92, -241, 1002
-38, -253, 1029
-80, -267, 981
-34, -279, 983
-,-,-
22, -113, 1024
73, -47, 1021
34, -106, 1025
86, -130, 1018
146, -151, 1018
120, -188, 1043
122, -225, 1002
122, -225, 1002
90, -213, 1049
83, -159, 920
31, -134, 1039
-1, -43, 977
-22, 99, 950
-31, 234, 1023
-31, 234, 1023
11, 324, 1023
32, 348, 1005
-3, 286, 1036
-31, 255, 1029
-24, 300, 1031
-3, 318, 998
-3, 318, 998
0, 328, 1001
5, 241, 978
-28, 151, 928
-28, 151, 928
-50, 37, 965
-54, -52, 1037
-23, -105, 965
-38, -188, 931
-57, -191, 936
-57, -191, 1039
-59, -198, 1039
-38, -183, 960
-,-,-
167, -52, 998
55, -97, 1045
99, -105, 1025
125, -140, 1019
134, -150, 1024
134, -150, 1024
174, -151, 1040
189, -144, 980
161, -123, 1040
109, -62, 986
55, -12, 913
0, 18, 1014
0, 18, 1014
-20, 81, 999
-74, 120, 967
-78, 169, 994
-149, 165, 1054
-132, 170, 992
-132, 170, 992
-161, 166, 1021
-126, 170, 1030
-99, 256, 1042
-80, 340, 1032
-66, 354, 1016
-101, 299, 1006
-53, 262, 960
34, 201, 1010
34, 201, 1010
61, -8, 985
95, -211, 995
32, -397, 1017
0, -417, 1011
-11, -352, 995
-11, -352, 995
-,-,-
150, -87, 1008
200, -111, 1042
200, -111, 1042
174, -135, 1002
146, -134, 1029
150, -137, 980
111, -110, 985
51, -145, 1004
22, -89, 1001
-11, -19, 986
-95, 78, 973
-95, 78, 973
-144, 199, 1001
-160, 323, 1031
-187, 345, 1032
-88, 273, 1019
-92, 239, 1018
-89, 353, 1020
-69, 381, 1051
-69, 381, 1051
-78, 271, 1008
-47, 123, 996
2, 26, 934
71, -69, 962
71, -69, 962
70, -185, 1037
28, -281, 1009
15, -290, 1033
-64, -293, 1057
-61, -285, 1096
-,-,-
215, -49, 1002
56, -127, 1044
88, -112, 1013
76, -93, 1016
76, -93, 1016
144, -54, 994
176, -66, 1031
176, -86, 1033
117, -80, 1026
69, -92, 992
69, -92, 992
53, -66, 1031
65, -29, 987
-18, -6, 1023
-73, 93, 979
-73, 93, 979
-146, 143, 1050
-172, 198, 1029
-128, 248, 999
-130, 246, 1038
-122, 252, 1043
-122, 303, 951
-109, 354, 1043
-144, 248, 982
-144, 248, 982
-77, 141, 1039
-9, 0, 1014
5, -104, 910
15, -171, 1012
20, -216, 946
20, -216, 946
14, -342, 1043
68, -418, 1019
62, -327, 1029
-,-,-
77, -61, 1021
97, -72, 1008
115, -102, 1026
111, -134, 1017
159, -157, 996
114, -126, 1052
119, -113, 984
119, -113, 984
83, -82, 1043
12, -67, 1023
-33, 24, 977
-48, 149, 1018
-89, 274, 1036
-89, 274, 1036
-104, 303, 1026
-80, 297, 1022
-93, 298, 1029
-90, 290, 1007
-74, 257, 1025
-88, 250, 984
-81, 197, 1012
-47, 73, 1020
-47, 73, 1020
-29, -114, 979
42, -231, 1012
17, -330, 980
6, -352, 1001
-,-,-
92, -107, 1018
176, -130, 1013
137, -128, 1054
137, -128, 1054
186, -109, 996
120, -98, 1038
135, -74, 980
83, -39, 1052
61, -25, 955
21, -1, 1012
21, -1, 1012
-27, 62, 1016
-96, 149, 1014
-139, 263, 1039
-84, 302, 1026
-62, 318, 1026
-109, 272, 1039
-109, 272, 1039
-158, 257, 990
-134, 232, 1016
-155, 178, 1006
-98, 123, 1004
-50, 98, 997
18, 48, 1009
44, -92, 954
44, -92, 954
62, -190, 1010
47, -338, 950
29, -370, 1030
-,-,-
87, -88, 1034
105, -134, 996
156, -147, 1024
150, -128, 1009
115, -147, 1013
43, -153, 991
0, -76, 998
0, -76, 998
-15, 33, 998
-79, 183, 1040
-25, 318, 987
-25, 318, 987
-70, 321, 1060
5, 286, 1009
-5, 256, 1008
-69, 235, 1025
-111, 255, 972
-119, 244, 998
-119, 244, 998
-81, 209, 982
-39, 162, 1032
-93, 14, 1041
-7, -23, 995
13, -155, 978
13, -155, 978
-30, -394, 986
-25, -614, 1005
-3, -437, 1024
-4, -211, 1031
-59, -140, 1041
-,-,-
52, -147, 1018
107, -161, 992
70, -115, 1038
132, -147, 1020
147, -149, 1027
147, -149, 1027
84, -115, 1015
9, -62, 1003
2, 35, 990
11, 62, 997
11, 62, 997
15, 124, 983
-35, 178, 1019
-86, 276, 1031
-75, 316, 1018
-38, 356, 1018
-38, 356, 1018
-21, 377, 1029
-37, 308, 983
-25, 253, 1058
-44, 183, 989
-40, 96, 983
-40, 96, 983
-43, -24, 979
-30, -170, 992
-17, -366, 991
19, -373, 1024
-9, -344, 1013
-,-,-
126, -174, 1001
164, -181, 1026
137, -172, 1039
137, -172, 1039
128, -164, 1015
159, -117, 1005
84, -88, 993
24, 11, 966
-22, 85, 953
-52, 216, 1074
-52, 216, 1074
-20, 308, 993
-32, 333, 1014
-44, 324, 1004
-75, 316, 1053
-71, 343, 998
-90, 288, 1020
-90, 288, 1020
-80, 203, 973
-68, 141, 966
-48, 78, 950
-39, -15, 969
4, -201, 1001
4, -201, 1001
-9, -295, 1004
-10, -418, 975
-34, -400, 1050
-,-,-
115, -83, 1009
114, -86, 1034
165, -146, 1016
161, -193, 1015
178, -180, 993
154, -156, 1073
124, -172, 973
124, -172, 973
93, -107, 1031
47, -42, 953
19, 26, 1038
-22, 146, 1003
-44, 283, 987
-44, 283, 987
-65, 370, 958
-127, 421, 1032
-96, 390, 1060
-104, 348, 1036
-86, 335, 998
-113, 247, 981
-80, 186, 1003
-80, 186, 1003
-47, 36, 991
-33, -128, 986
-56, -329, 1006
-19, -341, 1008
-20, -341, 1027
-,-,-
83, -110, 1028
125, -112, 1021
112, -146, 991
144, -118, 1064
150, -176, 1002
172, -181, 966
101, -150, 986
17, -46, 1050
17, -46, 1050
-34, 110, 919
-47, 281, 1001
-49, 377, 1066
-48, 390, 986
-109, 374, 1038
-147, 393, 1037
-173, 368, 997
-173, 368, 997
-142, 251, 938
-79, 124, 1036
-76, 35, 987
-30, -137, 975
33, -292, 955
-25, -455, 968
-25, -455, 968
34, -426, 1050
9, -358, 1028
-,-,-
76, -97, 1016
114, -145, 1025
124, -171, 1023
115, -188, 1040
147, -177, 1009
89, -132, 1037
89, -132, 1037
39, -22, 979
-4, 74, 1031
-9, 129, 1039
20, 259, 1040
20, 259, 1040
25, 279, 1023
-23, 295, 1011
-73, 309, 1034
-97, 322, 1043
-56, 310, 1033
-67, 264, 1002
-88, 203, 981
-88, 203, 981
-92, 117, 986
-58, 20, 981
-29, -108, 988
16, -207, 988
16, -207, 988
24, -335, 982
77, -369, 1061
-,-,-
79, -155, 1009
115, -123, 1017
112, -130, 1005
131, -135, 1063
210, -142, 1003
133, -158, 982
133, -158, 982
93, -129, 963
5, -23, 1064
3, 92, 990
-47, 184, 1029
-47, 184, 1029
-87, 230, 1038
-112, 274, 1014
-102, 304, 1011
-108, 313, 1042
-88, 361, 986
-36, 363, 1067
-48, 235, 981
-50, 157, 1007
-50, 157, 1007
-35, 99, 994
-29, 15, 996
1, -90, 918
10, -246, 1027
10, -246, 1027
-6, -276, 986
-4, -332, 1026
-,-,-
91, -112, 1019
104, -146, 1039
104, -146, 1039
129, -118, 1007
103, -100, 1012
111, -101, 1011
51, -92, 1059
43, -51, 984
-5, 12, 1008
-25, 96, 1021
-25, 96, 1021
-58, 232, 1020
-101, 324, 1016
-69, 339, 1035
-65, 359, 1014
-45, 408, 1035
-49, 358, 1033
-57, 230, 970
-57, 230, 970
-84, 115, 960
-31, 3, 989
7, -118, 965
30, -291, 902
30, -291, 902
3, -436, 1047
-30, -415, 983
-,-,-
92, -148, 1002
115, -171, 1018
115, -147, 1041
148, -165, 1011
103, -162, 1018
103, -162, 1018
73, -98, 995
20, -17, 975
-23, 151, 1011
-30, 283, 983
-101, 399, 1051
-64, 384, 1010
-64, 384, 1010
-50, 400, 1021
-33, 351, 1034
-30, 270, 1004
-41, 171, 978
-57, 76, 1027
-78, 1, 966
-78, 1, 966
-89, -50, 1024
-37, -99, 993
6, -194, 987
-16, -266, 1004
-4, -322, 1028
-,-,-
81, -110, 1016
81, -110, 1016
109, -127, 1024
100, -132, 1048
122, -149, 1002
81, -138, 1034
58, -105, 1014
2, 0, 1005
8, 170, 1017
8, 170, 1017
26, 284, 1030
0, 318, 994
-17, 327, 1038
-66, 368, 1001
-66, 368, 1001
-82, 392, 1042
-61, 316, 986
-39, 182, 1001
-51, 112, 985
-12, 44, 992
-12, 44, 992
16, -148, 1008
25, -369, 1001
-2, -496, 931
-15, -430, 1008
-,-,-
74, -176, 1017
74, -176, 1017
64, -143, 1007
80, -162, 1051
99, -159, 1022
113, -161, 1023
73, -107, 1004
24, -51, 1026
-1, 32, 1007
-1, 32, 1007
-9, 159, 1030
-5, 280, 1021
4, 314, 1015
-18, 315, 1033
-18, 315, 1033
-62, 338, 1024
-89, 401, 1019
-38, 383, 1005
-45, 274, 993
-23, 145, 1001
-22, 29, 955
-22, 29, 955
32, -116, 912
-22, -375, 1001
-5, -424, 956
-53, -405, 1049
-,-,-
90, -151, 1008
110, -194, 1022
111, -185, 1007
111, -185, 1007
90, -145, 1033
52, -94, 1016
36, -3, 1001
35, 84, 1030
-11, 198, 1024
-15, 303, 1017
-15, 303, 1017
-39, 348, 1012
-47, 360, 1023
-47, 412, 1015
-35, 390, 991
-42, 289, 1018
-36, 203, 978
-36, 203, 978
-35, 85, 1020
-15, -121, 873
-11, -305, 984
-49, -438, 1014
-30, -391, 974
-,-,-
61, -125, 1007
45, -172, 1014
45, -172, 1014
87, -149, 1024
79, -178, 1002
113, -197, 1016
67, -148, 1038
6, -29, 1032
2, 153, 1028
2, 153, 1028
13, 284, 1024
34, 347, 1015
33, 346, 1049
-5, 342, 1006
-5, 342, 1006
-86, 364, 1035
-74, 336, 1041
-54, 294, 936
-22, 209, 962
-62, 112, 998
-24, 2, 1029
-24, 2, 1029
-24, -233, 959
-2, -424, 918
-32, -516, 1009
-16, -430, 1048
-,-,-
69, -176, 1011
108, -228, 1000
134, -203, 1043
138, -203, 1029
138, -203, 1029
100, -199, 996
69, -113, 1026
-5, -5, 1029
-36, 139, 1037
-40, 292, 983
-59, 374, 1004
-67, 387, 1033
-67, 387, 1033
-23, 355, 1031
-61, 405, 1034
-69, 394, 978
-60, 269, 1012
-63, 160, 998
-51, 30, 1017
-51, 30, 1017
-1, -73, 1017
12, -172, 990
-,-,-
162, -68, 768
60, -84, 1022
108, -124, 1025
11, -159, 1017
27, -189, 1020
60, -228, 1059
98, -267, 978
98, -267, 978
101, -260, 1042
73, -202, 996
63, -82, 1004
11, 54, 1001
39, 182, 1006
38, 310, 1013
38, 310, 1013
26, 370, 1031
27, 398, 1021
-7, 387, 1056
-32, 413, 1002
-54, 445, 1007
-54, 445, 1007
-27, 359, 957
-39, 211, 1000
-30, 52, 888
-20, -152, 956
-73, -389, 999
-65, -485, 1003
-65, -485, 1003
-79, -417, 1006
-,-,-
34, -128, 1010
77, -149, 1033
72, -211, 1017
72, -211, 1017
103, -275, 1027
113, -269, 1006
134, -204, 1020
95, -94, 1038
64, -31, 1015
39, 91, 1022
50, 277, 1016
50, 277, 1016
13, 416, 992
12, 487, 1006
-38, 493, 1019
-64, 450, 1008
-54, 330, 1008
-54, 330, 1008
-54, 191, 1033
-43, 50, 965
-50, -122, 980
-66, -266, 982
-81, -410, 988
-96, -407, 1032
-,-,-
61, -148, 987
35, -211, 1050
36, -239, 1027
74, -219, 1030
101, -161, 994
101, -161, 994
98, -58, 1013
48, 52, 974
-12, 159, 1069
-15, 224, 999
-6, 263, 1029
-6, 263, 1029
-5, 252, 1027
3, 265, 1025
4, 331, 1009
-12, 334, 1052
-12, 334, 1052
-9, 305, 994
2, 208, 1008
-16, 41, 975
-44, -168, 991
-42, -292, 974
-42, -292, 974
-37, -351, 1015
-51, -361, 1046
-,-,-
42, -142, 1026
81, -158, 1018
80, -187, 1020
105, -188, 1022
81, -181, 1005
80, -171, 1034
59, -132, 1018
16, -14, 1003
16, -14, 1003
-12, 103, 1020
-25, 269, 1005
-16, 386, 1048
-23, 342, 1010
-11, 330, 1032
-20, 388, 1017
-26, 383, 1053
-26, 383, 1053
-23, 315, 1029
-50, 196, 866
-43, 117, 1036
-10, -41, 1019
23, -233, 1008
-7, -383, 944
-7, -383, 944
-31, -434, 1042
-,-,-
51, -184, 1022
86, -212, 1027
105, -221, 993
55, -198, 1046
37, -151, 1021
29, -87, 1029
29, -87, 1029
21, 17, 1031
25, 170, 1039
16, 264, 995
26, 338, 1014
26, 338, 1014
31, 284, 1028
52, 261, 1026
-6, 252, 1004
-13, 286, 1054
-22, 305, 989
-8, 305, 1027
-8, 263, 1027
-20, 192, 983
-56, 41, 975
-11, -111, 994
-30, -235, 996
-26, -332, 965
-26, -332, 965
-57, -368, 985
-,-,-
44, -137, 1020
78, -179, 1009
78, -179, 1009
84, -186, 1025
103, -223, 1040
140, -249, 1010
151, -196, 1033
83, -107, 1002
53, -3, 1014
-7, 76, 1013
-7, 76, 1013
-14, 229, 1041
0, 387, 1000
-25, 458, 1045
-36, 392, 1018
-93, 416, 1025
-83, 444, 992
-83, 444, 992
-66, 382, 927
-50, 300, 1024
-35, 86, 1039
-15, -181, 1006
-17, -367, 982
-5, -457, 1000
-5, -457, 1000
