-,-,-
-251, 416, 898
-253, 402, 887
-253, 402, 887
-255, 395, 912
-253, 405, 898
-252, 403, 887
-250, 409, 888
-246, 414, 908
-247, 404, 919
-246, 410, 897
-246, 407, 887
-246, 407, 887
-244, 401, 895
-240, 410, 902
-239, 411, 914
-237, 414, 912
-231, 455, 872
-240, 436, 888
-255, 383, 912
-255, 383, 912
-228, 341, 920
-228, 421, 919
-222, 431, 898
-230, 426, 902
-222, 410, 922
-211, 377, 925
-258, 409, 899
-221, 495, 869
-221, 495, 869
-228, 428, 902
-234, 421, 894
-235, 417, 875
-233, 418, 926
-235, 421, 899
-237, 422, 889
-236, 420, 895
-236, 420, 895
-238, 414, 888
-240, 375, 915
-234, 424, 912
-237, 405, 910
-239, 403, 883
-237, 404, 877
-234, 396, 913
-231, 388, 945
-231, 388, 945
-232, 395, 913
-232, 409, 890
-230, 405, 903
-229, 404, 910
-228, 399, 907
-227, 398, 909
-225, 400, 899
-225, 400, 899
-223, 408, 912
-218, 421, 911
-214, 452, 884
-216, 429, 915
-212, 428, 898
-217, 395, 910
-221, 390, 919
-212, 443, 891
-212, 443, 891
-205, 480, 880
-211, 422, 903
-219, 364, 919
-209, 423, 913
-209, 414, 928
-209, 429, 896
-209, 442, 891
-209, 442, 891
-213, 429, 891
-210, 434, 904
-215, 410, 927
-211, 449, 898
-212, 440, 890
-218, 419, 877
-223, 375, 882
-211, 455, 899
-211, 455, 899
-202, 478, 923
-212, 422, 924
-216, 414, 871
-214, 417, 877
-211, 418, 900
-209, 416, 923
-209, 413, 921
-209, 413, 921
-211, 405, 908
-206, 432, 882
-204, 446, 884
-200, 444, 911
-200, 433, 918
-199, 446, 903
-191, 466, 869
-207, 422, 905
-207, 422, 905
-193, 469, 874
-193, 466, 885
-201, 428, 930
-196, 419, 924
-203, 419, 905
-199, 445, 882
-198, 451, 889
-198, 451, 889
-199, 444, 893
-204, 423, 909
-203, 438, 906
-203, 437, 893
-204, 438, 872
-205, 432, 907
-205, 439, 900
-199, 450, 900
-199, 450, 900
-203, 439, 891
-207, 435, 888
-205, 424, 914
-206, 411, 902
-201, 458, 880
-203, 426, 911
-203, 421, 901
-203, 421, 901
-203, 419, 902
-203, 427, 897
-200, 434, 926
-201, 432, 901
-198, 442, 870
-199, 436, 919
-198, 447, 908
-183, 532, 838
-183, 532, 838
-203, 412, 917
-208, 378, 930
-202, 407, 940
-205, 417, 924
-205, 425, 899
-212, 419, 889
-213, 416, 883
-214, 416, 898
-214, 416, 898
-215, 411, 903
-212, 424, 895
-212, 407, 911
-209, 424, 884
-209, 409, 908
-202, 427, 904
-202, 428, 903
-202, 428, 903
-200, 428, 907
-198, 429, 937
-197, 417, 951
-200, 416, 903
-202, 421, 918
-214, 365, 899
-,-,-
-214, 389, 899
-204, 432, 902
-221, 315, 944
-221, 315, 944
-213, 375, 903
-209, 371, 936
-203, 410, 927
-198, 416, 899
-204, 379, 911
-199, 386, 924
-194, 396, 937
-194, 396, 937
-188, 414, 916
-181, 459, 889
-179, 442, 930
-193, 365, 946
-205, 330, 939
-189, 398, 913
-195, 364, 937
-197, 349, 949
-197, 349, 949
-194, 373, 932
-196, 373, 912
-197, 367, 942
-198, 371, 942
-198, 376, 930
-200, 374, 920
-201, 371, 932
-201, 371, 932
-202, 375, 930
-205, 372, 930
-206, 368, 916
-206, 372, 909
-205, 371, 912
-203, 368, 936
-200, 378, 936
-201, 372, 937
-201, 372, 937
-204, 358, 942
-202, 381, 931
-203, 380, 923
-204, 379, 917
-202, 394, 897
-198, 403, 908
-196, 394, 920
-196, 394, 920
-195, 397, 945
-195, 399, 929
-190, 424, 908
-194, 398, 922
-196, 398, 907
-205, 356, 963
-206, 360, 937
-208, 364, 925
-208, 364, 925
-208, 370, 919
-207, 372, 909
-209, 370, 930
-210, 373, 920
-210, 376, 925
-207, 373, 928
-209, 371, 932
-209, 371, 932
-210, 361, 926
-208, 372, 933
-207, 374, 925
-207, 370, 923
-208, 364, 938
-208, 358, 942
-211, 359, 933
-211, 372, 903
-211, 372, 903
-208, 377, 950
-205, 394, 923
-200, 422, 897
-213, 356, 927
-210, 381, 920
-196, 431, 900
-210, 367, 938
-210, 367, 938
-218, 339, 944
-214, 355, 933
-212, 365, 940
-213, 371, 944
-216, 361, 920
-217, 361, 912
-219, 363, 931
-218, 368, 917
-218, 368, 917
-220, 363, 931
-220, 357, 926
-220, 353, 915
-217, 360, 923
-216, 355, 960
-215, 371, 910
-214, 362, 937
-214, 362, 937
-214, 359, 934
-216, 356, 949
-216, 353, 928
-217, 358, 927
-213, 377, 914
-213, 376, 925
-211, 373, 936
-211, 377, 933
-211, 377, 933
-203, 407, 900
-210, 394, 927
-210, 384, 930
-226, 319, 951
-223, 341, 943
-222, 345, 938
-224, 344, 923
-224, 344, 923
-225, 353, 920
-226, 357, 908
-227, 348, 928
-225, 343, 948
-224, 348, 926
-224, 341, 919
-223, 343, 940
-216, 364, 942
-216, 364, 942
-216, 370, 939
-221, 348, 934
-218, 370, 937
-217, 386, 913
-215, 373, 886
-202, 428, 923
-206, 378, 940
-206, 378, 940
-224, 331, 955
-214, 370, 918
-215, 357, 943
-222, 338, 949
-224, 336, 925
-224, 339, 927
-223, 349, 928
-225, 349, 917
-225, 349, 917
-221, 347, 934
-219, 356, 932
-218, 357, 926
-217, 357, 951
-217, 350, 960
-220, 359, 955
-220, 374, 965
-220, 374, 965
-,-,-
-119, 497, 860
-109, 544, 875
-113, 511, 873
-108, 537, 864
-108, 537, 864
-119, 547, 871
-95, 499, 853
-110, 494, 874
-116, 511, 871
-105, 524, 869
-103, 536, 853
-87, 543, 825
-87, 543, 825
-96, 588, 817
-93, 577, 874
-90, 569, 862
-91, 577, 842
-91, 589, 812
-91, 589, 812
-91, 600, 810
-91, 599, 808
-91, 595, 825
-93, 585, 819
-91, 600, 821
-91, 600, 821
-90, 614, 803
-86, 658, 776
-98, 554, 832
-94, 602, 825
-94, 602, 825
-94, 606, 820
-94, 614, 800
-97, 596, 803
-98, 588, 822
-98, 597, 818
-98, 597, 818
-97, 603, 806
-97, 601, 811
-96, 587, 826
-98, 588, 843
-100, 580, 840
-100, 580, 840
-104, 575, 805
-105, 575, 806
-102, 582, 845
-105, 569, 836
-106, 560, 820
-106, 560, 835
-105, 564, 826
-102, 575, 841
-102, 575, 841
-101, 566, 846
-101, 556, 833
-101, 550, 836
-99, 557, 829
-95, 578, 835
-92, 584, 841
-92, 584, 841
-90, 583, 840
-90, 572, 822
-88, 578, 823
-85, 603, 863
-86, 609, 845
-86, 609, 845
-92, 601, 806
-,-,-
-66, 331, 974
-55, 370, 973
-55, 370, 973
-62, 344, 934
-54, 334, 963
-55, 351, 969
-56, 342, 976
-51, 371, 978
-51, 371, 978
-53, 325, 969
-56, 316, 955
-57, 352, 941
-53, 318, 989
-52, 427, 946
-52, 427, 946
-58, 314, 1014
-61, 379, 916
-69, 254, 961
-69, 345, 941
-66, 351, 973
-66, 351, 973
-66, 358, 981
-69, 333, 950
-73, 324, 945
-73, 331, 974
-73, 331, 974
-73, 344, 991
-77, 332, 963
-83, 347, 923
-82, 320, 949
-82, 330, 970
-82, 330, 970
-83, 333, 982
-84, 324, 976
-87, 144, 1004
-91, 376, 938
-95, 402, 959
-95, 402, 959
-88, 253, 1000
-94, 261, 968
-92, 262, 955
-97, 303, 969
-94, 295, 969
-94, 295, 969
-102, 342, 980
-93, 297, 970
-92, 283, 983
-93, 282, 977
-92, 294, 976
-91, 306, 966
-91, 306, 966
-88, 303, 944
-88, 295, 953
-83, 305, 985
-80, 308, 987
-80, 308, 987
-78, 313, 985
-78, 319, 947
-75, 325, 945
-72, 330, 951
-65, 332, 978
-65, 332, 978
-66, 405, 952
-54, 280, 995
-55, 318, 964
-55, 347, 976
-54, 345, 973
-54, 345, 973
-55, 357, 966
-56, 354, 937
-56, 356, 938
-55, 333, 957
-57, 326, 983
-57, 326, 983
-58, 318, 996
-60, 327, 979
-61, 332, 954
-62, 335, 960
-62, 335, 960
-63, 333, 964
-68, 331, 963
-66, 288, 980
-76, 380, 953
-76, 325, 964
-76, 325, 964
-77, 322, 952
-79, 323, 960
-81, 322, 949
-79, 315, 973
-81, 315, 977
-81, 315, 977
-81, 322, 971
-82, 325, 956
-82, 325, 950
-82, 327, 952
-80, 319, 957
-80, 319, 957
-76, 324, 960
-74, 331, 961
-71, 340, 965
-68, 342, 962
-64, 342, 966
-64, 342, 966
-65, 332, 959
-65, 330, 945
-57, 338, 950
-50, 344, 971
-50, 344, 971
-46, 346, 983
-45, 336, 963
-42, 349, 974
-41, 349, 968
-39, 353, 977
-39, 353, 977
-42, 332, 959
-46, 315, 964
-49, 301, 968
-48, 292, 987
-50, 282, 987
-50, 282, 987
-51, 294, 996
-49, 236, 995
-62, 333, 952
-58, 281, 1000
-61, 276, 970
-61, 276, 970
-63, 229, 997
-62, 323, 972
-66, 288, 955
-67, 265, 976
-64, 271, 985
-64, 271, 985
-62, 269, 991
-64, 273, 973
-62, 274, 958
-58, 274, 977
-55, 266, 990
-55, 266, 990
-53, 272, 984
-50, 285, 963
-44, 294, 945
-36, 304, 960
-36, 304, 960
-23, 320, 1055
-28, 290, 987
-25, 306, 1001
-26, 317, 982
-29, 306, 968
-33, 267, 935
-33, 267, 935
-29, 263, 1018
-27, 279, 1054
-32, 263, 955
-36, 267, 943
-35, 288, 940
-35, 288, 940
-30, 296, 986
-29, 261, 1045
-24, 308, 1047
-32, 317, 994
-40, 286, 979
